-0.375
-0.375
-0.375
-0.375
-0.375
-0.375
-0.375
-0.375
-0.385
-0.385
-0.385
-0.38
-0.36
-0.36
-0.37
-0.365
-0.37
-0.36
-0.355
-0.345
-0.34
-0.345
-0.345
-0.33
-0.325
-0.31
-0.305
-0.31
-0.31
-0.3
-0.28
-0.25
-0.25
-0.245
-0.235
-0.22
-0.195
-0.165
-0.16
-0.16
-0.135
-0.12
-0.09
-0.06
-0.045
-0.035
-0.015
0.0
0.03
0.06
0.07
0.075
0.075
0.1
0.11
0.135
0.13
0.145
0.135
0.16
0.165
0.175
0.185
0.175
0.165
0.17
0.16
0.15
0.14
0.12
0.085
0.08
0.07
0.055
0.02
-0.005
-0.05
-0.065
-0.085
-0.095
-0.125
-0.145
-0.165
-0.175
-0.185
-0.205
-0.215
-0.22
-0.23
-0.245
-0.24
-0.245
-0.245
-0.265
-0.265
-0.265
-0.26
-0.255
-0.27
-0.265
-0.275
-0.265
-0.275
-0.265
-0.27
-0.265
-0.28
-0.285
-0.275
-0.26
-0.25
-0.265
-0.27
-0.265
-0.24
-0.245
-0.25
-0.25
-0.255
-0.24
-0.23
-0.225
-0.23
-0.24
-0.24
-0.24
-0.22
-0.22
-0.22
-0.225
-0.24
-0.235
-0.215
-0.22
-0.23
-0.23
-0.235
-0.235
-0.22
-0.215
-0.23
-0.24
-0.25
-0.245
-0.24
-0.24
-0.235
-0.25
-0.255
-0.255
-0.25
-0.245
-0.255
-0.27
-0.27
-0.265
-0.26
-0.255
-0.27
-0.28
-0.29
-0.285
-0.285
-0.29
-0.29
-0.29
-0.3
-0.295
-0.3
-0.3
-0.305
-0.3
-0.32
-0.315
-0.315
-0.3
-0.31
-0.31
-0.325
-0.325
-0.32
-0.32
-0.31
-0.325
-0.325
-0.32
-0.315
-0.295
-0.275
-0.28
-0.28
-0.265
-0.255
-0.245
-0.24
-0.235
-0.245
-0.24
-0.235
-0.215
-0.215
-0.215
-0.23
-0.22
-0.21
-0.205
-0.215
-0.215
-0.245
-0.255
-0.25
-0.26
-0.27
-0.27
-0.27
-0.255
-0.25
-0.255
-0.26
-0.295
-0.315
-0.32
-0.325
-0.33
-0.34
-0.355
-0.38
-0.385
-0.38
-0.38
-0.395
-0.41
-0.405
-0.41
-0.405
-0.4
-0.39
-0.405
-0.42
-0.41
-0.4
-0.4
-0.395
-0.405
-0.41
-0.405
-0.4
-0.405
-0.405
-0.42
-0.445
-0.475
-0.54
-0.58
-0.59
-0.55
-0.485
-0.39
-0.21
0.09
0.47
0.85
1.19
1.51
1.75
1.85
1.8
1.585
1.14
0.62
0.13
-0.235
-0.44
-0.52
-0.525
-0.485
-0.405
-0.33
-0.295
-0.32
-0.36
-0.375
-0.375
-0.38
-0.38
-0.395
-0.42
-0.43
-0.435
-0.43
-0.435
-0.45
-0.465
-0.46
-0.45
-0.445
-0.46
-0.465
-0.485
-0.47
-0.455
-0.465
-0.46
-0.47
-0.475
-0.465
-0.475
-0.475
-0.47
-0.465
-0.485
-0.47
-0.46
-0.455
-0.44
-0.46
-0.47
-0.45
-0.43
-0.435
-0.435
-0.435
-0.44
-0.425
-0.41
-0.395
-0.39
-0.4
-0.4
-0.39
-0.37
-0.345
-0.34
-0.34
-0.345
-0.32
-0.29
-0.275
-0.26
-0.255
-0.24
-0.21
-0.185
-0.16
-0.135
-0.13
-0.125
-0.1
-0.07
-0.04
-0.04
-0.025
-0.005
0.015
0.035
0.06
0.055
0.06
0.07
0.085
0.105
0.115
0.11
0.11
0.095
0.1
0.095
0.09
0.085
0.055
0.045
0.03
0.015
-0.01
-0.03
-0.065
-0.09
-0.115
-0.13
-0.15
-0.18
-0.215
-0.24
-0.25
-0.26
-0.27
-0.275
-0.305
-0.315
-0.325
-0.315
-0.31
-0.31
-0.35
-0.345
-0.35
-0.33
-0.325
-0.33
-0.345
-0.35
-0.345
-0.35
-0.34
-0.345
-0.35
-0.355
-0.35
-0.33
-0.33
-0.33
-0.33
-0.335
-0.325
-0.32
-0.315
-0.315
-0.32
-0.33
-0.315
-0.31
-0.3
-0.3
-0.31
-0.32
-0.31
-0.305
-0.295
-0.295
-0.295
-0.315
-0.31
-0.295
-0.295
-0.3
-0.31
-0.305
-0.31
-0.305
-0.295
-0.3
-0.315
-0.325
-0.33
-0.315
-0.31
-0.315
-0.325
-0.335
-0.33
-0.325
-0.32
-0.335
-0.33
-0.34
-0.35
-0.345
-0.34
-0.34
-0.35
-0.355
-0.35
-0.345
-0.345
-0.345
-0.35
-0.375
-0.365
-0.36
-0.37
-0.365
-0.365
-0.38
-0.385
-0.375
-0.37
-0.375
-0.385
-0.4
-0.38
-0.385
-0.375
-0.37
-0.39
-0.4
-0.395
-0.375
-0.38
-0.385
-0.385
-0.395
-0.4
-0.395
-0.385
-0.38
-0.385
-0.385
-0.375
-0.36
-0.355
-0.335
-0.335
-0.315
-0.31
-0.31
-0.31
-0.315
-0.305
-0.31
-0.285
-0.27
-0.265
-0.26
-0.27
-0.275
-0.265
-0.25
-0.25
-0.265
-0.275
-0.295
-0.315
-0.31
-0.315
-0.315
-0.31
-0.32
-0.31
-0.3
-0.32
-0.34
-0.355
-0.375
-0.38
-0.38
-0.39
-0.405
-0.405
-0.42
-0.43
-0.425
-0.43
-0.435
-0.45
-0.45
-0.45
-0.45
-0.435
-0.44
-0.44
-0.46
-0.455
-0.45
-0.45
-0.44
-0.45
-0.455
-0.45
-0.435
-0.435
-0.445
-0.46
-0.51
-0.57
-0.62
-0.635
-0.59
-0.535
-0.455
-0.275
0.045
0.445
0.875
1.23
1.535
1.75
1.84
1.73
1.365
0.79
0.195
-0.26
-0.485
-0.55
-0.54
-0.505
-0.42
-0.355
-0.34
-0.375
-0.395
-0.415
-0.415
-0.415
-0.405
-0.43
-0.455
-0.475
-0.495
-0.495
-0.485
-0.485
-0.485
-0.51
-0.515
-0.52
-0.5
-0.495
-0.5
-0.49
-0.51
-0.5
-0.495
-0.485
-0.495
-0.495
-0.51
-0.5
-0.49
-0.48
-0.49
-0.475
-0.495
-0.47
-0.47
-0.47
-0.46
-0.465
-0.455
-0.445
-0.435
-0.41
-0.405
-0.41
-0.41
-0.4
-0.38
-0.355
-0.34
-0.33
-0.33
-0.295
-0.275
-0.265
-0.245
-0.23
-0.215
-0.19
-0.165
-0.13
-0.1
-0.1
-0.085
-0.065
-0.05
-0.02
-0.01
-0.005
-0.005
0.025
0.03
0.07
0.07
0.06
0.055
0.07
0.075
0.075
0.06
0.045
0.015
0.015
0.01
-0.005
-0.015
-0.075
-0.095
-0.115
-0.125
-0.14
-0.165
-0.205
-0.23
-0.25
-0.26
-0.27
-0.28
-0.305
-0.32
-0.325
-0.32
-0.335
-0.33
-0.355
-0.36
-0.355
-0.345
-0.345
-0.35
-0.35
-0.355
-0.345
-0.34
-0.345
-0.345
-0.35
-0.355
-0.35
-0.34
-0.33
-0.335
-0.335
-0.345
-0.34
-0.335
-0.325
-0.33
-0.34
-0.34
-0.325
-0.33
-0.32
-0.315
-0.325
-0.335
-0.335
-0.325
-0.31
-0.31
-0.32
-0.335
-0.32
-0.32
-0.315
-0.31
-0.335
-0.325
-0.335
-0.315
-0.33
-0.32
-0.335
-0.335
-0.33
-0.325
-0.315
-0.315
-0.32
-0.345
-0.335
-0.33
-0.335
-0.335
-0.345
-0.35
-0.35
-0.355
-0.35
-0.355
-0.365
-0.375
-0.365
-0.37
-0.36
-0.365
-0.385
-0.385
-0.38
-0.37
-0.375
-0.375
-0.385
-0.395
-0.39
-0.385
-0.395
-0.395
-0.405
-0.41
-0.41
-0.405
-0.4
-0.4
-0.41
-0.41
-0.41
-0.405
-0.405
-0.405
-0.4
-0.4
-0.4
-0.385
-0.385
-0.38
-0.405
-0.405
-0.395
-0.395
-0.385
-0.365
-0.37
-0.35
-0.335
-0.33
-0.32
-0.315
-0.33
-0.335
-0.32
-0.31
-0.29
-0.29
-0.305
-0.315
-0.3
-0.28
-0.29
-0.29
-0.3
-0.32
-0.325
-0.345
-0.345
-0.34
-0.35
-0.345
-0.34
-0.32
-0.325
-0.34
-0.365
-0.385
-0.39
-0.38
-0.385
-0.395
-0.415
-0.43
-0.43
-0.445
-0.445
-0.455
-0.455
-0.455
-0.445
-0.435
-0.435
-0.45
-0.465
-0.47
-0.46
-0.45
-0.445
-0.44
-0.445
-0.455
-0.455
-0.45
-0.445
-0.45
-0.455
-0.475
-0.515
-0.57
-0.6
-0.585
-0.535
-0.47
-0.36
-0.17
0.17
0.535
0.9
1.215
1.505
1.685
1.7
1.505
1.06
0.49
-0.025
-0.365
-0.525
-0.575
-0.57
-0.48
-0.38
-0.335
-0.345
-0.395
-0.41
-0.43
-0.415
-0.42
-0.425
-0.44
-0.47
-0.475
-0.48
-0.475
-0.475
-0.48
-0.485
-0.495
-0.485
-0.485
-0.49
-0.48
-0.49
-0.485
-0.48
-0.47
-0.475
-0.485
-0.49
-0.49
-0.49
-0.475
-0.48
-0.47
-0.48
-0.49
-0.485
-0.455
-0.45
-0.45
-0.455
-0.475
-0.445
-0.435
-0.425
-0.425
-0.435
-0.43
-0.41
-0.4
-0.38
-0.375
-0.365
-0.355
-0.335
-0.315
-0.295
-0.29
-0.27
-0.26
-0.24
-0.215
-0.205
-0.18
-0.17
-0.16
-0.13
-0.105
-0.09
-0.07
-0.06
-0.055
-0.045
-0.025
0.005
0.01
0.01
0.015
0.035
0.04
0.055
0.06
0.035
0.03
0.045
0.035
0.04
0.03
0.005
-0.01
-0.03
-0.04
-0.055
-0.095
-0.105
-0.135
-0.155
-0.17
-0.175
-0.2
-0.225
-0.26
-0.265
-0.27
-0.265
-0.285
-0.3
-0.31
-0.315
-0.305
-0.3
-0.315
-0.335
-0.345
-0.325
-0.33
-0.325
-0.33
-0.345
-0.335
-0.335
-0.33
-0.335
-0.335
-0.35
-0.34
-0.335
-0.33
-0.335
-0.325
-0.33
-0.32
-0.32
-0.315
-0.32
-0.315
-0.31
-0.305
-0.3
-0.295
-0.305
-0.31
-0.295
-0.295
-0.3
-0.29
-0.285
-0.285
-0.295
-0.29
-0.285
-0.28
-0.28
-0.285
-0.295
-0.285
-0.285
-0.29
-0.28
-0.285
-0.29
-0.295
-0.275
-0.285
-0.295
-0.295
-0.3
-0.3
-0.295
-0.295
-0.305
-0.32
-0.32
-0.32
-0.31
-0.31
-0.32
-0.325
-0.34
-0.33
-0.33
-0.335
-0.345
-0.35
-0.355
-0.355
-0.345
-0.345
-0.35
-0.355
-0.375
-0.365
-0.36
-0.355
-0.36
-0.365
-0.375
-0.37
-0.36
-0.36
-0.37
-0.375
-0.38
-0.38
-0.37
-0.365
-0.365
-0.375
-0.38
-0.38
-0.37
-0.355
-0.355
-0.375
-0.38
-0.37
-0.37
-0.355
-0.355
-0.34
-0.345
-0.33
-0.3
-0.295
-0.29
-0.3
-0.3
-0.29
-0.285
-0.27
-0.255
-0.26
-0.27
-0.275
-0.25
-0.235
-0.235
-0.25
-0.265
-0.28
-0.28
-0.29
-0.31
-0.315
-0.315
-0.3
-0.285
-0.28
-0.305
-0.315
-0.34
-0.35
-0.345
-0.355
-0.38
-0.395
-0.4
-0.385
-0.395
-0.4
-0.405
-0.42
-0.435
-0.415
-0.42
-0.425
-0.425
-0.43
-0.43
-0.43
-0.43
-0.415
-0.425
-0.435
-0.435
-0.425
-0.42
-0.425
-0.42
-0.435
-0.465
-0.505
-0.555
-0.585
-0.555
-0.495
-0.41
-0.23
0.075
0.485
0.9
1.27
1.565
1.77
1.82
1.655
1.245
0.66
0.085
-0.335
-0.54
-0.56
-0.515
-0.425
-0.35
-0.325
-0.33
-0.365
-0.39
-0.4
-0.395
-0.41
-0.42
-0.435
-0.44
-0.45
-0.455
-0.46
-0.455
-0.45
-0.46
-0.48
-0.48
-0.465
-0.465
-0.46
-0.465
-0.465
-0.47
-0.465
-0.47
-0.47
-0.47
-0.47
-0.48
-0.47
-0.45
-0.45
-0.455
-0.455
-0.455
-0.46
-0.445
-0.43
-0.435
-0.425
-0.43
-0.425
-0.405
-0.4
-0.385
-0.385
-0.375
-0.375
-0.365
-0.34
-0.335
-0.325
-0.315
-0.29
-0.265
-0.245
-0.22
-0.215
-0.21
-0.185
-0.155
-0.13
-0.11
-0.09
-0.09
-0.06
-0.025
-0.01
-0.005
0.015
0.01
0.045
0.075
0.08
0.1
0.085
0.095
0.11
0.125
0.12
0.135
0.12
0.095
0.095
0.105
0.1
0.085
0.055
0.015
0.01
-0.005
-0.02
-0.055
-0.075
-0.115
-0.125
-0.14
-0.155
-0.18
-0.21
-0.235
-0.235
-0.25
-0.25
-0.27
-0.28
-0.29
-0.315
-0.3
-0.305
-0.305
-0.315
-0.33
-0.33
-0.32
-0.325
-0.315
-0.335
-0.345
-0.33
-0.32
-0.315
-0.325
-0.33
-0.34
-0.32
-0.315
-0.305
-0.31
-0.315
-0.32
-0.3
-0.295
-0.29
-0.3
-0.31
-0.31
-0.3
-0.29
-0.29
-0.285
-0.29
-0.295
-0.285
-0.27
-0.275
-0.275
-0.28
-0.29
-0.29
-0.28
-0.28
-0.27
-0.28
-0.295
-0.29
-0.27
-0.285
-0.285
-0.29
-0.3
-0.285
-0.29
-0.295
-0.305
-0.305
-0.315
-0.3
-0.3
-0.3
-0.31
-0.315
-0.335
-0.32
-0.31
-0.315
-0.325
-0.325
-0.34
-0.335
-0.335
-0.33
-0.34
-0.345
-0.35
-0.345
-0.335
-0.335
-0.345
-0.375
-0.37
-0.36
-0.345
-0.35
-0.355
-0.365
-0.38
-0.37
-0.365
-0.36
-0.37
-0.37
-0.375
-0.37
-0.37
-0.365
-0.37
-0.38
-0.38
-0.375
-0.365
-0.36
-0.365
-0.355
-0.355
-0.355
-0.335
-0.31
-0.31
-0.3
-0.295
-0.295
-0.28
-0.275
-0.27
-0.27
-0.265
-0.26
-0.255
-0.255
-0.245
-0.24
-0.255
-0.245
-0.25
-0.26
-0.275
-0.29
-0.31
-0.32
-0.305
-0.29
-0.285
-0.29
-0.305
-0.31
-0.325
-0.335
-0.335
-0.36
-0.38
-0.385
-0.38
-0.39
-0.405
-0.42
-0.43
-0.425
-0.42
-0.43
-0.425
-0.44
-0.435
-0.425
-0.43
-0.425
-0.425
-0.43
-0.44
-0.445
-0.42
-0.415
-0.425
-0.425
-0.445
-0.45
-0.48
-0.53
-0.58
-0.59
-0.565
-0.48
-0.36
-0.15
0.18
0.59
0.985
1.37
1.665
1.82
1.825
1.655
1.215
0.64
0.09
-0.28
-0.48
-0.53
-0.505
-0.425
-0.345
-0.295
-0.315
-0.37
-0.4
-0.39
-0.385
-0.385
-0.41
-0.43
-0.445
-0.445
-0.435
-0.435
-0.455
-0.465
-0.47
-0.465
-0.455
-0.455
-0.455
-0.465
-0.48
-0.475
-0.465
-0.465
-0.465
-0.46
-0.475
-0.47
-0.465
-0.45
-0.45
-0.46
-0.47
-0.455
-0.445
-0.44
-0.435
-0.435
-0.44
-0.445
-0.43
-0.41
-0.41
-0.41
-0.405
-0.4
-0.38
-0.365
-0.36
-0.355
-0.345
-0.33
-0.305
-0.3
-0.285
-0.27
-0.26
-0.23
-0.22
-0.2
-0.185
-0.16
-0.15
-0.12
-0.095
-0.075
-0.05
-0.035
-0.035
-0.005
0.025
0.035
0.05
0.045
0.06
0.07
0.09
0.105
0.115
0.12
0.11
0.12
0.12
0.13
0.13
0.105
0.085
0.09
0.08
0.06
0.035
-0.005
-0.025
-0.025
-0.045
-0.065
-0.105
-0.145
-0.165
-0.18
-0.195
-0.22
-0.24
-0.25
-0.27
-0.28
-0.28
-0.275
-0.285
-0.305
-0.32
-0.32
-0.31
-0.315
-0.31
-0.325
-0.35
-0.35
-0.33
-0.325
-0.325
-0.34
-0.345
-0.33
-0.33
-0.33
-0.32
-0.34
-0.34
-0.325
-0.305
-0.315
-0.305
-0.31
-0.315
-0.305
-0.3
-0.295
-0.3
-0.3
-0.31
-0.3
-0.29
-0.275
-0.285
-0.295
-0.3
-0.295
-0.27
-0.275
-0.275
-0.295
-0.295
-0.29
-0.275
-0.285
-0.27
-0.29
-0.29
-0.285
-0.275
-0.27
-0.285
-0.29
-0.305
-0.295
-0.295
-0.29
-0.29
-0.305
-0.31
-0.31
-0.3
-0.315
-0.31
-0.32
-0.33
-0.32
-0.33
-0.31
-0.325
-0.335
-0.345
-0.335
-0.34
-0.33
-0.34
-0.35
-0.355
-0.355
-0.335
-0.335
-0.345
-0.35
-0.365
-0.365
-0.365
-0.345
-0.36
-0.36
-0.365
-0.37
-0.365
-0.35
-0.35
-0.37
-0.37
-0.36
-0.345
-0.35
-0.36
-0.37
-0.375
-0.36
-0.36
-0.35
-0.345
-0.355
-0.35
-0.33
-0.315
-0.29
-0.29
-0.295
-0.295
-0.29
-0.27
-0.26
-0.255
-0.265
-0.27
-0.255
-0.245
-0.245
-0.25
-0.245
-0.25
-0.24
-0.24
-0.25
-0.27
-0.275
-0.295
-0.31
-0.3
-0.28
-0.28
-0.28
-0.28
-0.29
-0.3
-0.31
-0.325
-0.35
-0.35
-0.365
-0.365
-0.37
-0.38
-0.38
-0.4
-0.405
-0.415
-0.415
-0.42
-0.425
-0.445
-0.44
-0.42
-0.425
-0.425
-0.43
-0.43
-0.42
-0.41
-0.415
-0.435
-0.415
-0.42
-0.415
-0.415
-0.41
-0.41
-0.42
-0.45
-0.47
-0.53
-0.58
-0.595
-0.56
-0.515
-0.43
-0.285
-0.055
0.27
0.6
0.935
1.265
1.575
1.785
1.875
1.8
1.555
1.09
0.55
0.08
-0.27
-0.44
-0.51
-0.51
-0.485
-0.41
-0.345
-0.31
-0.325
-0.345
-0.355
-0.375
-0.375
-0.395
-0.41
-0.395
-0.4
-0.42
-0.435
-0.445
-0.455
-0.46
-0.445
-0.46
-0.45
-0.465
-0.47
-0.46
-0.44
-0.45
-0.46
-0.46
-0.485
-0.465
-0.465
-0.455
-0.46
-0.47
-0.47
-0.455
-0.46
-0.455
-0.445
-0.45
-0.465
-0.445
-0.435
-0.42
-0.43
-0.43
-0.445
-0.435
-0.415
-0.41
-0.41
-0.415
-0.405
-0.41
-0.39
-0.38
-0.365
-0.365
-0.36
-0.36
-0.325
-0.315
-0.295
-0.29
-0.29
-0.275
-0.25
-0.225
-0.205
-0.205
-0.185
-0.17
-0.14
-0.125
-0.12
-0.1
-0.095
-0.075
-0.04
-0.02
-0.005
-0.005
-0.005
0.02
0.045
0.07
0.08
0.075
0.085
0.105
0.12
0.13
0.125
0.115
0.115
0.125
0.125
0.135
0.115
0.095
0.08
0.07
0.065
0.045
0.015
0.0
-0.045
-0.04
-0.07
-0.08
-0.1
-0.14
-0.16
-0.185
-0.185
-0.195
-0.21
-0.225
-0.255
-0.245
-0.26
-0.265
-0.275
-0.285
-0.305
-0.29
-0.295
-0.285
-0.305
-0.325
-0.325
-0.33
-0.31
-0.315
-0.31
-0.325
-0.325
-0.325
-0.32
-0.325
-0.325
-0.32
-0.32
-0.31
-0.3
-0.295
-0.315
-0.3
-0.31
-0.31
-0.3
-0.29
-0.29
-0.29
-0.305
-0.285
-0.28
-0.275
-0.275
-0.275
-0.28
-0.285
-0.27
-0.27
-0.27
-0.275
-0.28
-0.27
-0.27
-0.27
-0.27
-0.27
-0.28
-0.275
-0.265
-0.265
-0.27
-0.28
-0.285
-0.28
-0.285
-0.285
-0.28
-0.29
-0.3
-0.295
-0.28
-0.28
-0.275
-0.3
-0.31
-0.3
-0.295
-0.3
-0.3
-0.31
-0.32
-0.32
-0.31
-0.305
-0.32
-0.315
-0.34
-0.33
-0.32
-0.325
-0.33
-0.33
-0.34
-0.335
-0.34
-0.33
-0.34
-0.34
-0.365
-0.35
-0.355
-0.345
-0.355
-0.365
-0.36
-0.365
-0.36
-0.355
-0.355
-0.36
-0.375
-0.365
-0.37
-0.36
-0.355
-0.37
-0.375
-0.36
-0.36
-0.35
-0.35
-0.37
-0.375
-0.365
-0.36
-0.36
-0.36
-0.36
-0.365
-0.35
-0.325
-0.315
-0.305
-0.3
-0.305
-0.295
-0.285
-0.275
-0.285
-0.275
-0.275
-0.255
-0.24
-0.245
-0.24
-0.25
-0.245
-0.235
-0.235
-0.245
-0.255
-0.285
-0.31
-0.315
-0.31
-0.29
-0.29
-0.29
-0.305
-0.31
-0.32
-0.33
-0.35
-0.355
-0.37
-0.365
-0.37
-0.385
-0.395
-0.405
-0.41
-0.41
-0.4
-0.4
-0.41
-0.43
-0.44
-0.425
-0.43
-0.425
-0.415
-0.425
-0.42
-0.415
-0.4
-0.405
-0.41
-0.415
-0.415
-0.405
-0.4
-0.41
-0.42
-0.475
-0.53
-0.56
-0.56
-0.505
-0.44
-0.315
-0.105
0.22
0.57
0.91
1.255
1.535
1.7
1.77
1.67
1.335
0.845
0.35
-0.05
-0.33
-0.475
-0.525
-0.52
-0.455
-0.365
-0.315
-0.295
-0.345
-0.375
-0.39
-0.395
-0.375
-0.38
-0.4
-0.425
-0.43
-0.445
-0.435
-0.43
-0.43
-0.425
-0.445
-0.445
-0.455
-0.445
-0.43
-0.43
-0.45
-0.46
-0.445
-0.445
-0.435
-0.44
-0.445
-0.455
-0.45
-0.435
-0.425
-0.435
-0.445
-0.45
-0.44
-0.425
-0.42
-0.425
-0.425
-0.43
-0.415
-0.405
-0.4
-0.395
-0.4
-0.4
-0.38
-0.37
-0.37
-0.365
-0.36
-0.365
-0.34
-0.325
-0.31
-0.305
-0.3
-0.285
-0.265
-0.245
-0.225
-0.215
-0.22
-0.195
-0.165
-0.145
-0.12
-0.11
-0.11
-0.09
-0.065
-0.04
-0.02
-0.01
0.005
0.015
0.04
0.045
0.07
0.07
0.065
0.075
0.075
0.1
0.115
0.12
0.105
0.09
0.1
0.105
0.095
0.075
0.06
0.025
0.01
0.015
-0.005
-0.045
-0.08
-0.1
-0.115
-0.11
-0.135
-0.165
-0.19
-0.195
-0.2
-0.21
-0.22
-0.225
-0.255
-0.26
-0.265
-0.265
-0.27
-0.275
-0.28
-0.285
-0.29
-0.285
-0.285
-0.29
-0.3
-0.31
-0.305
-0.295
-0.29
-0.29
-0.295
-0.3
-0.3
-0.285
-0.285
-0.29
-0.3
-0.29
-0.295
-0.28
-0.28
-0.28
-0.275
-0.285
-0.275
-0.265
-0.265
-0.26
-0.26
-0.27
-0.26
-0.255
-0.245
-0.245
-0.245
-0.245
-0.25
-0.235
-0.245
-0.235
-0.26
-0.26
-0.26
-0.23
-0.24
-0.23
-0.245
-0.24
-0.245
-0.25
-0.24
-0.24
-0.255
-0.26
-0.255
-0.24
-0.245
-0.255
-0.255
-0.275
-0.26
-0.26
-0.26
-0.265
-0.265
-0.28
-0.275
-0.26
-0.275
-0.275
-0.285
-0.295
-0.3
-0.29
-0.295
-0.295
-0.295
-0.32
-0.315
-0.3
-0.305
-0.325
-0.325
-0.33
-0.32
-0.32
-0.315
-0.32
-0.33
-0.345
-0.335
-0.33
-0.325
-0.335
-0.34
-0.34
-0.33
-0.33
-0.32
-0.33
-0.33
-0.34
-0.335
-0.33
-0.325
-0.33
-0.335
-0.345
-0.33
-0.325
-0.31
-0.3
-0.28
-0.265
-0.27
-0.27
-0.25
-0.24
-0.25
-0.25
-0.245
-0.205
-0.21
-0.22
-0.23
-0.225
-0.21
-0.215
-0.21
-0.235
-0.245
-0.27
-0.255
-0.27
-0.255
-0.25
-0.26
-0.26
-0.26
-0.26
-0.275
-0.3
-0.315
-0.325
-0.33
-0.34
-0.33
-0.345
-0.365
-0.38
-0.375
-0.375
-0.385
-0.385
-0.39
-0.39
-0.395
-0.385
-0.39
-0.39
-0.395
-0.4
-0.395
-0.385
-0.38
-0.385
-0.4
-0.4
-0.395
-0.385
-0.4
-0.445
-0.52
-0.57
-0.54
-0.475
-0.38
-0.245
-0.005
0.37
0.79
1.19
1.515
1.735
1.825
1.74
1.42
0.91
0.345
-0.12
-0.395
-0.51
-0.49
-0.42
-0.325
-0.28
-0.27
-0.32
-0.35
-0.35
-0.35
-0.335
-0.365
-0.395
-0.4
-0.4
-0.395
-0.41
-0.415
-0.42
-0.43
-0.42
-0.415
-0.415
-0.425
-0.425
-0.425
-0.42
-0.405
-0.41
-0.42
-0.425
-0.425
-0.41
-0.405
-0.41
-0.41
-0.42
-0.41
-0.41
-0.385
-0.39
-0.4
-0.415
-0.395
-0.385
-0.375
-0.37
-0.37
-0.365
-0.36
-0.345
-0.33
-0.32
-0.315
-0.32
-0.29
-0.275
-0.26
-0.255
-0.245
-0.255
-0.22
-0.195
-0.16
-0.155
-0.145
-0.145
-0.11
-0.075
-0.06
-0.04
-0.03
-0.01
0.01
0.04
0.055
0.055
0.065
0.075
0.09
0.1
0.11
0.13
0.13
0.13
0.135
0.155
0.15
0.15
0.135
0.12
0.115
0.12
0.11
0.085
0.055
0.03
0.025
0.0
-0.02
-0.05
-0.08
-0.115
-0.13
-0.145
-0.145
-0.175
-0.205
-0.23
-0.235
-0.235
-0.245
-0.255
-0.27
-0.285
-0.28
-0.28
-0.285
-0.29
-0.305
-0.305
-0.3
-0.29
-0.295
-0.3
-0.3
-0.315
-0.31
-0.29
-0.3
-0.31
-0.31
-0.315
-0.31
-0.29
-0.285
-0.29
-0.295
-0.295
-0.29
-0.275
-0.26
-0.28
-0.27
-0.275
-0.265
-0.265
-0.255
-0.26
-0.275
-0.275
-0.27
-0.255
-0.25
-0.255
-0.265
-0.265
-0.265
-0.26
-0.25
-0.26
-0.265
-0.265
-0.265
-0.255
-0.25
-0.255
-0.265
-0.275
-0.26
-0.265
-0.26
-0.265
-0.29
-0.31
-0.29
-0.28
-0.28
-0.29
-0.305
-0.315
-0.3
-0.295
-0.3
-0.3
-0.31
-0.315
-0.315
-0.315
-0.31
-0.32
-0.33
-0.33
-0.335
-0.325
-0.325
-0.33
-0.34
-0.355
-0.34
-0.335
-0.34
-0.335
-0.35
-0.345
-0.34
-0.35
-0.345
-0.34
-0.345
-0.365
-0.355
-0.345
-0.335
-0.335
-0.35
-0.35
-0.345
-0.32
-0.305
-0.3
-0.28
-0.29
-0.27
-0.26
-0.255
-0.255
-0.25
-0.26
-0.25
-0.235
-0.22
-0.24
-0.23
-0.225
-0.225
-0.22
-0.225
-0.245
-0.255
-0.275
-0.275
-0.27
-0.27
-0.26
-0.265
-0.27
-0.29
-0.295
-0.305
-0.33
-0.34
-0.36
-0.355
-0.36
-0.365
-0.375
-0.385
-0.405
-0.4
-0.395
-0.385
-0.405
-0.41
-0.415
-0.41
-0.405
-0.405
-0.405
-0.41
-0.405
-0.4
-0.39
-0.37
-0.395
-0.405
-0.405
-0.415
-0.41
-0.42
-0.455
-0.525
-0.6
-0.58
-0.525
-0.45
-0.35
-0.175
0.115
0.51
0.905
1.255
1.56
1.785
1.855
1.755
1.4
0.875
0.3
-0.155
-0.39
-0.48
-0.485
-0.455
-0.405
-0.33
-0.28
-0.295
-0.32
-0.34
-0.35
-0.375
-0.375
-0.37
-0.385
-0.39
-0.405
-0.425
-0.445
-0.43
-0.44
-0.44
-0.445
-0.44
-0.45
-0.44
-0.43
-0.435
-0.435
-0.44
-0.455
-0.44
-0.43
-0.425
-0.435
-0.43
-0.435
-0.43
-0.415
-0.41
-0.405
-0.41
-0.43
-0.42
-0.41
-0.39
-0.395
-0.385
-0.385
-0.375
-0.375
-0.355
-0.36
-0.355
-0.36
-0.345
-0.33
-0.315
-0.31
-0.305
-0.29
-0.275
-0.25
-0.235
-0.22
-0.215
-0.2
-0.17
-0.14
-0.13
-0.11
-0.095
-0.075
-0.06
-0.03
-0.01
0.0
0.015
0.025
0.05
0.06
0.095
0.1
0.105
0.115
0.135
0.15
0.15
0.165
0.165
0.16
0.165
0.17
0.16
0.165
0.15
0.12
0.125
0.11
0.1
0.07
0.04
0.015
0.0
-0.02
-0.04
-0.07
-0.1
-0.13
-0.145
-0.155
-0.16
-0.18
-0.205
-0.23
-0.22
-0.23
-0.245
-0.255
-0.26
-0.265
-0.26
-0.265
-0.27
-0.275
-0.28
-0.28
-0.275
-0.27
-0.27
-0.285
-0.275
-0.28
-0.275
-0.275
-0.27
-0.275
-0.285
-0.28
-0.265
-0.245
-0.245
-0.245
-0.245
-0.255
-0.255
-0.25
-0.23
-0.24
-0.23
-0.25
-0.23
-0.23
-0.215
-0.22
-0.225
-0.25
-0.23
-0.21
-0.205
-0.22
-0.22
-0.23
-0.225
-0.195
-0.195
-0.205
-0.22
-0.235
-0.225
-0.22
-0.23
-0.235
-0.24
-0.245
-0.245
-0.235
-0.235
-0.24
-0.265
-0.255
-0.265
-0.255
-0.25
-0.27
-0.285
-0.275
-0.285
-0.265
-0.275
-0.295
-0.3
-0.31
-0.285
-0.285
-0.285
-0.29
-0.3
-0.315
-0.305
-0.305
-0.29
-0.305
-0.305
-0.32
-0.32
-0.315
-0.3
-0.31
-0.315
-0.325
-0.315
-0.305
-0.305
-0.3
-0.305
-0.305
-0.3
-0.28
-0.275
-0.25
-0.24
-0.25
-0.25
-0.23
-0.23
-0.23
-0.22
-0.215
-0.205
-0.195
-0.2
-0.2
-0.2
-0.195
-0.19
-0.19
-0.205
-0.215
-0.245
-0.26
-0.255
-0.24
-0.24
-0.235
-0.235
-0.255
-0.26
-0.27
-0.27
-0.29
-0.31
-0.31
-0.32
-0.32
-0.32
-0.33
-0.345
-0.35
-0.37
-0.345
-0.35
-0.355
-0.355
-0.365
-0.37
-0.35
-0.355
-0.365
-0.365
-0.38
-0.36
-0.345
-0.355
-0.37
-0.355
-0.37
-0.365
-0.365
-0.39
-0.46
-0.525
-0.555
-0.515
-0.445
-0.355
-0.215
0.05
0.4
0.81
1.17
1.49
1.73
1.84
1.81
1.55
1.07
0.51
0.02
-0.295
-0.435
-0.46
-0.45
-0.405
-0.315
-0.235
-0.245
-0.27
-0.295
-0.295
-0.3
-0.315
-0.33
-0.335
-0.335
-0.345
-0.37
-0.365
-0.375
-0.38
-0.375
-0.375
-0.375
-0.385
-0.405
-0.39
-0.385
-0.375
-0.385
-0.385
-0.4
-0.38
-0.38
-0.375
-0.38
-0.38
-0.38
-0.365
-0.365
-0.345
-0.36
-0.36
-0.365
-0.37
-0.345
-0.34
-0.35
-0.34
-0.355
-0.335
-0.325
-0.305
-0.31
-0.315
-0.31
-0.29
-0.27
-0.26
-0.26
-0.265
-0.25
-0.22
-0.21
-0.19
-0.18
-0.175
-0.175
-0.145
-0.125
-0.105
-0.075
-0.055
-0.05
-0.04
-0.01
0.02
0.03
0.035
0.045
0.06
0.085
0.1
0.115
0.115
0.12
0.145
0.15
0.155
0.165
0.175
0.165
0.185
0.18
0.18
0.18
0.165
0.15
0.135
0.13
0.105
0.08
0.06
0.02
0.015
-0.005
-0.03
-0.05
-0.06
-0.1
-0.105
-0.13
-0.135
-0.15
-0.17
-0.185
-0.19
-0.19
-0.19
-0.2
-0.215
-0.22
-0.215
-0.225
-0.21
-0.215
-0.225
-0.235
-0.225
-0.225
-0.225
-0.245
-0.235
-0.235
-0.23
-0.215
-0.21
-0.215
-0.225
-0.22
-0.21
-0.2
-0.2
-0.2
-0.205
-0.225
-0.195
-0.2
-0.19
-0.195
-0.205
-0.2
-0.21
-0.195
-0.195
-0.185
-0.195
-0.19
-0.195
-0.18
-0.17
-0.18
-0.19
-0.195
-0.2
-0.19
-0.185
-0.19
-0.2
-0.215
-0.215
-0.2
-0.185
-0.205
-0.21
-0.22
-0.225
-0.21
-0.2
-0.205
-0.23
-0.23
-0.23
-0.24
-0.24
-0.24
-0.26
-0.27
-0.26
-0.25
-0.25
-0.25
-0.265
-0.275
-0.27
-0.265
-0.26
-0.275
-0.295
-0.295
-0.29
-0.29
-0.28
-0.285
-0.295
-0.3
-0.29
-0.285
-0.295
-0.29
-0.305
-0.31
-0.3
-0.295
-0.29
-0.295
-0.295
-0.3
-0.295
-0.29
-0.275
-0.28
-0.27
-0.26
-0.24
-0.22
-0.225
-0.225
-0.22
-0.215
-0.205
-0.19
-0.185
-0.175
-0.18
-0.195
-0.185
-0.18
-0.17
-0.16
-0.185
-0.2
-0.21
-0.22
-0.23
-0.23
-0.235
-0.225
-0.215
-0.2
-0.205
-0.225
-0.245
-0.27
-0.275
-0.285
-0.28
-0.3
-0.315
-0.33
-0.33
-0.325
-0.34
-0.355
-0.36
-0.365
-0.36
-0.35
-0.345
-0.355
-0.36
-0.365
-0.36
-0.35
-0.355
-0.345
-0.375
-0.37
-0.36
-0.35
-0.35
-0.35
-0.375
-0.41
-0.45
-0.5
-0.515
-0.47
-0.405
-0.31
-0.115
0.175
0.535
0.895
1.215
1.49
1.705
1.795
1.755
1.525
1.105
0.59
0.12
-0.215
-0.41
-0.5
-0.505
-0.45
-0.34
-0.25
-0.235
-0.27
-0.295
-0.325
-0.32
-0.32
-0.32
-0.34
-0.345
-0.375
-0.375
-0.375
-0.37
-0.375
-0.39
-0.4
-0.405
-0.4
-0.39
-0.39
-0.41
-0.41
-0.395
-0.395
-0.39
-0.39
-0.4
-0.42
-0.405
-0.39
-0.39
-0.39
-0.395
-0.405
-0.38
-0.38
-0.365
-0.38
-0.385
-0.395
-0.38
-0.36
-0.36
-0.36
-0.36
-0.355
-0.35
-0.34
-0.33
-0.33
-0.335
-0.33
-0.315
-0.295
-0.28
-0.28
-0.285
-0.275
-0.255
-0.23
-0.22
-0.2
-0.19
-0.185
-0.165
-0.135
-0.115
-0.095
-0.095
-0.09
-0.065
-0.045
-0.03
-0.015
0.005
0.015
0.035
0.055
0.07
0.09
0.09
0.095
0.11
0.12
0.125
0.13
0.125
0.125
0.13
0.135
0.14
0.12
0.1
0.085
0.07
0.065
0.045
0.015
-0.005
-0.045
-0.06
-0.08
-0.11
-0.12
-0.155
-0.175
-0.18
-0.195
-0.2
-0.215
-0.235
-0.255
-0.245
-0.24
-0.255
-0.255
-0.28
-0.275
-0.28
-0.265
-0.265
-0.265
-0.285
-0.285
-0.29
-0.275
-0.285
-0.29
-0.295
-0.3
-0.29
-0.27
-0.27
-0.265
-0.27
-0.28
-0.255
-0.25
-0.235
-0.25
-0.255
-0.255
-0.24
-0.22
-0.22
-0.23
-0.235
-0.24
-0.235
-0.225
-0.225
-0.225
-0.235
-0.235
-0.235
-0.22
-0.235
-0.225
-0.235
-0.245
-0.24
-0.235
-0.225
-0.24
-0.245
-0.265
-0.25
-0.255
-0.25
-0.255
-0.265
-0.275
-0.27
-0.27
-0.265
-0.275
-0.285
-0.29
-0.295
-0.285
-0.285
-0.29
-0.305
-0.3
-0.31
-0.305
-0.315
-0.305
-0.32
-0.335
-0.32
-0.31
-0.31
-0.315
-0.335
-0.345
-0.335
-0.32
-0.31
-0.33
-0.335
-0.35
-0.34
-0.325
-0.32
-0.34
-0.33
-0.35
-0.335
-0.32
-0.31
-0.31
-0.305
-0.295
-0.275
-0.25
-0.26
-0.255
-0.265
-0.275
-0.265
-0.23
-0.22
-0.225
-0.235
-0.245
-0.22
-0.215
-0.215
-0.215
-0.24
-0.25
-0.26
-0.275
-0.275
-0.29
-0.295
-0.28
-0.265
-0.26
-0.28
-0.295
-0.31
-0.335
-0.33
-0.32
-0.33
-0.35
-0.37
-0.38
-0.375
-0.385
-0.385
-0.4
-0.405
-0.42
-0.405
-0.39
-0.385
-0.4
-0.415
-0.41
-0.405
-0.39
-0.4
-0.4
-0.4
-0.405
-0.395
-0.39
-0.395
-0.405
-0.44
-0.5
-0.555
-0.595
-0.58
-0.53
-0.47
-0.37
-0.16
0.165
0.515
0.865
1.175
1.465
1.705
1.81
1.78
1.56
1.15
0.585
0.085
-0.275
-0.445
-0.51
-0.5
-0.435
-0.345
-0.275
-0.28
-0.32
-0.35
-0.36
-0.365
-0.37
-0.36
-0.39
-0.415
-0.43
-0.425
-0.42
-0.435
-0.43
-0.45
-0.45
-0.445
-0.445
-0.44
-0.45
-0.46
-0.47
-0.465
-0.45
-0.445
-0.445
-0.44
-0.455
-0.445
-0.43
-0.445
-0.44
-0.445
-0.45
-0.435
-0.43
-0.425
-0.425
-0.445
-0.445
-0.42
-0.41
-0.4
-0.41
-0.405
-0.405
-0.395
-0.38
-0.37
-0.37
-0.365
-0.36
-0.335
-0.325
-0.325
-0.31
-0.3
-0.3
-0.28
-0.26
-0.24
-0.235
-0.23
-0.205
-0.18
-0.155
-0.135
-0.14
-0.135
-0.105
-0.08
-0.06
-0.03
-0.025
-0.005
-0.01
0.02
0.035
0.05
0.055
0.065
0.065
0.085
0.095
0.11
0.105
0.095
0.095
0.105
0.1
0.085
0.075
0.05
0.025
0.02
0.0
-0.015
-0.05
-0.065
-0.09
-0.11
-0.125
-0.15
-0.175
-0.2
-0.225
-0.235
-0.24
-0.255
-0.27
-0.285
-0.3
-0.29
-0.3
-0.3
-0.31
-0.31
-0.325
-0.31
-0.305
-0.31
-0.325
-0.32
-0.33
-0.33
-0.32
-0.31
-0.315
-0.325
-0.325
-0.31
-0.305
-0.295
-0.3
-0.31
-0.315
-0.3
-0.295
-0.285
-0.29
-0.295
-0.295
-0.295
-0.29
-0.28
-0.29
-0.3
-0.29
-0.28
-0.27
-0.28
-0.275
-0.275
-0.28
-0.285
-0.27
-0.27
-0.275
-0.29
-0.3
-0.295
-0.29
-0.29
-0.295
-0.31
-0.3
-0.29
-0.275
-0.27
-0.28
-0.295
-0.305
-0.305
-0.3
-0.31
-0.31
-0.33
-0.32
-0.315
-0.315
-0.32
-0.335
-0.335
-0.34
-0.34
-0.33
-0.335
-0.34
-0.35
-0.36
-0.36
-0.345
-0.345
-0.37
-0.36
-0.365
-0.36
-0.345
-0.355
-0.365
-0.375
-0.385
-0.37
-0.37
-0.365
-0.375
-0.375
-0.38
-0.38
-0.38
-0.375
-0.37
-0.38
-0.38
-0.365
-0.35
-0.35
-0.34
-0.335
-0.335
-0.315
-0.305
-0.31
-0.295
-0.295
-0.305
-0.29
-0.27
-0.25
-0.27
-0.275
-0.28
-0.26
-0.245
-0.255
-0.27
-0.285
-0.305
-0.315
-0.31
-0.31
-0.32
-0.31
-0.31
-0.305
-0.315
-0.32
-0.345
-0.36
-0.375
-0.375
-0.37
-0.385
-0.4
-0.41
-0.425
-0.41
-0.405
-0.42
-0.43
-0.44
-0.445
-0.425
-0.425
-0.425
-0.43
-0.44
-0.44
-0.44
-0.425
-0.43
-0.415
-0.43
-0.435
-0.435
-0.43
-0.43
-0.43
-0.44
-0.45
-0.47
-0.51
-0.565
-0.58
-0.565
-0.51
-0.42
-0.29
-0.05
0.28
0.615
0.93
1.215
1.45
1.58
1.62
1.52
1.25
0.83
0.385
0.0
-0.3
-0.47
-0.545
-0.55
-0.505
-0.42
-0.35
-0.335
-0.36
-0.385
-0.395
-0.405
-0.405
-0.415
-0.41
-0.415
-0.425
-0.44
-0.45
-0.455
-0.47
-0.455
-0.46
-0.46
-0.465
-0.47
-0.47
-0.475
-0.47
-0.46
-0.48
-0.485
-0.49
-0.485
-0.47
-0.47
-0.47
-0.47
-0.47
-0.475
-0.455
-0.465
-0.46
-0.47
-0.47
-0.465
-0.455
-0.445
-0.45
-0.455
-0.455
-0.44
-0.43
-0.43
-0.425
-0.43
-0.435
-0.415
-0.405
-0.38
-0.385
-0.385
-0.375
-0.365
-0.34
-0.335
-0.345
-0.325
-0.305
-0.29
-0.27
-0.255
-0.25
-0.235
-0.215
-0.185
-0.175
-0.155
-0.145
-0.135
-0.115
-0.1
-0.07
-0.06
-0.05
-0.04
-0.03
-0.015
0.005
0.02
0.03
0.025
0.03
0.045
0.055
0.045
0.045
0.045
0.025
0.035
0.035
0.03
0.01
-0.02
-0.035
-0.05
-0.05
-0.075
-0.1
-0.125
-0.165
-0.155
-0.17
-0.19
-0.22
-0.235
-0.245
-0.235
-0.25
-0.26
-0.27
-0.285
-0.295
-0.295
-0.29
-0.295
-0.29
-0.31
-0.31
-0.31
-0.315
-0.305
-0.305
-0.325
-0.335
-0.33
-0.325
-0.31
-0.315
-0.315
-0.33
-0.32
-0.305
-0.31
-0.3
-0.31
-0.315
-0.295
-0.29
-0.285
-0.295
-0.295
-0.3
-0.295
-0.28
-0.28
-0.285
-0.285
-0.29
-0.275
-0.28
-0.27
-0.26
-0.265
-0.275
-0.27
-0.255
-0.245
-0.26
-0.275
-0.27
-0.27
-0.26
-0.265
-0.275
-0.275
-0.28
-0.275
-0.26
-0.26
-0.265
-0.285
-0.295
-0.295
-0.275
-0.28
-0.29
-0.31
-0.32
-0.32
-0.295
-0.295
-0.305
-0.315
-0.315
-0.32
-0.32
-0.31
-0.33
-0.345
-0.34
-0.345
-0.335
-0.335
-0.345
-0.37
-0.355
-0.36
-0.355
-0.35
-0.355
-0.37
-0.37
-0.37
-0.355
-0.36
-0.37
-0.375
-0.38
-0.37
-0.365
-0.365
-0.37
-0.385
-0.4
-0.38
-0.375
-0.37
-0.375
-0.385
-0.4
-0.39
-0.38
-0.39
-0.385
-0.395
-0.4
-0.375
-0.37
-0.345
-0.35
-0.335
-0.325
-0.315
-0.31
-0.31
-0.31
-0.31
-0.315
-0.29
-0.28
-0.28
-0.285
-0.285
-0.29
-0.27
-0.26
-0.26
-0.27
-0.29
-0.29
-0.3
-0.295
-0.315
-0.33
-0.33
-0.335
-0.31
-0.305
-0.315
-0.335
-0.36
-0.355
-0.365
-0.38
-0.38
-0.395
-0.415
-0.425
-0.415
-0.42
-0.43
-0.445
-0.445
-0.455
-0.45
-0.44
-0.445
-0.46
-0.46
-0.475
-0.465
-0.455
-0.445
-0.465
-0.465
-0.46
-0.455
-0.445
-0.445
-0.455
-0.46
-0.46
-0.455
-0.455
-0.465
-0.49
-0.55
-0.625
-0.645
-0.63
-0.595
-0.535
-0.48
-0.36
-0.145
0.185
0.53
0.875
1.19
1.47
1.69
1.77
1.705
1.44
0.99
0.445
-0.025
-0.33
-0.49
-0.535
-0.545
-0.52
-0.445
-0.355
-0.32
-0.34
-0.385
-0.4
-0.415
-0.405
-0.415
-0.42
-0.44
-0.445
-0.465
-0.46
-0.48
-0.475
-0.49
-0.49
-0.485
-0.485
-0.5
-0.49
-0.5
-0.505
-0.505
-0.495
-0.495
-0.495
-0.505
-0.515
-0.495
-0.49
-0.5
-0.495
-0.5
-0.5
-0.49
-0.485
-0.485
-0.485
-0.49
-0.49
-0.475
-0.465
-0.47
-0.47
-0.47
-0.475
-0.465
-0.45
-0.445
-0.445
-0.445
-0.44
-0.435
-0.415
-0.405
-0.4
-0.41
-0.4
-0.385
-0.365
-0.345
-0.345
-0.34
-0.325
-0.3
-0.285
-0.265
-0.26
-0.26
-0.24
-0.21
-0.195
-0.175
-0.16
-0.14
-0.145
-0.12
-0.1
-0.075
-0.065
-0.055
-0.04
-0.02
-0.01
0.01
0.015
0.025
0.025
0.035
0.045
0.04
0.055
0.04
0.045
0.045
0.05
0.035
0.025
0.005
-0.035
-0.025
-0.05
-0.06
-0.08
-0.12
-0.145
-0.17
-0.17
-0.195
-0.22
-0.235
-0.265
-0.275
-0.27
-0.29
-0.29
-0.31
-0.335
-0.325
-0.335
-0.34
-0.345
-0.355
-0.355
-0.355
-0.355
-0.37
-0.355
-0.365
-0.365
-0.365
-0.345
-0.36
-0.35
-0.36
-0.365
-0.355
-0.34
-0.35
-0.345
-0.355
-0.36
-0.36
-0.34
-0.335
-0.325
-0.34
-0.345
-0.335
-0.325
-0.335
-0.325
-0.335
-0.325
-0.32
-0.31
-0.325
-0.315
-0.325
-0.335
-0.315
-0.32
-0.305
-0.305
-0.325
-0.33
-0.315
-0.32
-0.315
-0.325
-0.335
-0.34
-0.33
-0.325
-0.34
-0.34
-0.35
-0.36
-0.345
-0.345
-0.335
-0.35
-0.365
-0.36
-0.375
-0.36
-0.355
-0.38
-0.39
-0.38
-0.385
-0.385
-0.385
-0.405
-0.415
-0.4
-0.405
-0.4
-0.405
-0.405
-0.415
-0.42
-0.42
-0.41
-0.405
-0.425
-0.425
-0.43
-0.415
-0.42
-0.41
-0.405
-0.415
-0.43
-0.415
-0.42
-0.41
-0.415
-0.42
-0.42
-0.42
-0.405
-0.42
-0.425
-0.43
-0.435
-0.42
-0.41
-0.4
-0.41
-0.415
-0.41
-0.395
-0.37
-0.355
-0.355
-0.355
-0.355
-0.355
-0.33
-0.33
-0.325
-0.32
-0.325
-0.3
-0.3
-0.3
-0.29
-0.29
-0.305
-0.295
-0.31
-0.305
-0.325
-0.335
-0.36
-0.36
-0.36
-0.355
-0.345
-0.34
-0.355
-0.36
-0.365
-0.38
-0.395
-0.41
-0.425
-0.425
-0.42
-0.435
-0.44
-0.46
-0.465
-0.475
-0.46
-0.465
-0.48
-0.48
-0.475
-0.48
-0.475
-0.475
-0.48
-0.475
-0.485
-0.485
-0.475
-0.475
-0.475
-0.49
-0.495
-0.475
-0.465
-0.48
-0.48
-0.49
-0.49
-0.49
-0.5
-0.555
-0.625
-0.665
-0.655
-0.59
-0.51
-0.42
-0.22
0.075
0.45
0.825
1.165
1.465
1.66
1.75
1.705
1.465
1.015
0.45
-0.055
-0.39
-0.535
-0.565
-0.565
-0.545
-0.48
-0.41
-0.38
-0.39
-0.42
-0.435
-0.45
-0.455
-0.475
-0.47
-0.465
-0.47
-0.5
-0.505
-0.515
-0.515
-0.515
-0.51
-0.52
-0.535
-0.53
-0.535
-0.52
-0.515
-0.525
-0.54
-0.535
-0.53
-0.515
-0.52
-0.535
-0.54
-0.535
-0.515
-0.515
-0.52
-0.52
-0.53
-0.52
-0.52
-0.495
-0.5
-0.495
-0.5
-0.515
-0.5
-0.475
-0.47
-0.455
-0.46
-0.475
-0.455
-0.44
-0.43
-0.43
-0.42
-0.415
-0.395
-0.365
-0.355
-0.36
-0.345
-0.325
-0.3
-0.27
-0.26
-0.25
-0.235
-0.22
-0.19
-0.175
-0.155
-0.14
-0.135
-0.125
-0.1
-0.075
-0.075
-0.065
-0.045
-0.045
-0.015
0.0
0.005
0.005
0.01
0.02
0.025
0.03
0.02
0.015
0.005
-0.01
-0.015
-0.025
-0.04
-0.07
-0.1
-0.12
-0.135
-0.16
-0.18
-0.21
-0.235
-0.265
-0.27
-0.275
-0.295
-0.32
-0.34
-0.345
-0.34
-0.34
-0.355
-0.365
-0.37
-0.385
-0.38
-0.38
-0.375
-0.38
-0.385
-0.39
-0.395
-0.375
-0.37
-0.38
-0.395
-0.4
-0.38
-0.375
-0.365
-0.375
-0.375
-0.38
-0.365
-0.365
-0.35
-0.35
-0.355
-0.36
-0.35
-0.335
-0.335
-0.345
-0.345
-0.345
-0.335
-0.33
-0.32
-0.33
-0.33
-0.335
-0.335
-0.32
-0.32
-0.33
-0.335
-0.35
-0.34
-0.335
-0.33
-0.335
-0.355
-0.35
-0.345
-0.36
-0.355
-0.365
-0.365
-0.375
-0.375
-0.36
-0.375
-0.385
-0.385
-0.41
-0.405
-0.39
-0.395
-0.405
-0.405
-0.4
-0.395
-0.405
-0.39
-0.405
-0.42
-0.42
-0.4
-0.41
-0.41
-0.415
-0.435
-0.43
-0.42
-0.42
-0.425
-0.425
-0.44
-0.435
-0.43
-0.43
-0.42
-0.425
-0.435
-0.445
-0.435
-0.42
-0.425
-0.43
-0.435
-0.455
-0.43
-0.425
-0.42
-0.425
-0.43
-0.44
-0.435
-0.415
-0.435
-0.43
-0.435
-0.44
-0.425
-0.41
-0.425
-0.43
-0.425
-0.425
-0.425
-0.4
-0.395
-0.37
-0.375
-0.38
-0.36
-0.34
-0.335
-0.335
-0.33
-0.33
-0.33
-0.31
-0.295
-0.3
-0.31
-0.31
-0.3
-0.305
-0.3
-0.315
-0.335
-0.355
-0.35
-0.355
-0.355
-0.34
-0.34
-0.34
-0.34
-0.34
-0.36
-0.375
-0.395
-0.405
-0.395
-0.4
-0.405
-0.42
-0.425
-0.445
-0.45
-0.435
-0.44
-0.45
-0.45
-0.46
-0.45
-0.445
-0.45
-0.445
-0.455
-0.46
-0.46
-0.445
-0.445
-0.445
-0.465
-0.455
-0.455
-0.445
-0.445
-0.44
-0.465
-0.465
-0.445
-0.43
-0.425
-0.43
-0.445
-0.44
-0.435
-0.445
-0.485
-0.56
-0.6
-0.585
-0.515
-0.415
-0.295
-0.04
0.315
0.725
1.125
1.475
1.735
1.83
1.74
1.405
0.825
0.26
-0.215
-0.455
-0.525
-0.535
-0.49
-0.39
-0.315
-0.305
-0.345
-0.38
-0.38
-0.38
-0.37
-0.385
-0.405
-0.43
-0.455
-0.425
-0.44
-0.445
-0.44
-0.455
-0.45
-0.43
-0.43
-0.445
-0.45
-0.455
-0.44
-0.435
-0.425
-0.43
-0.44
-0.44
-0.435
-0.42
-0.41
-0.415
-0.43
-0.43
-0.41
-0.4
-0.385
-0.4
-0.395
-0.4
-0.385
-0.37
-0.36
-0.36
-0.36
-0.365
-0.335
-0.32
-0.305
-0.305
-0.305
-0.295
-0.28
-0.25
-0.23
-0.225
-0.21
-0.205
-0.175
-0.155
-0.125
-0.115
-0.105
-0.095
-0.06
-0.03
-0.005
-0.01
0.015
0.02
0.04
0.07
0.08
0.085
0.095
0.095
0.105
0.135
0.14
0.14
0.135
0.125
0.13
0.13
0.135
0.115
0.09
0.075
0.075
0.06
0.045
0.03
-0.005
-0.04
-0.06
-0.065
-0.09
-0.115
-0.13
-0.16
-0.16
-0.17
-0.18
-0.185
-0.21
-0.22
-0.22
-0.22
-0.225
-0.24
-0.245
-0.25
-0.245
-0.23
-0.235
-0.235
-0.25
-0.25
-0.23
-0.225
-0.215
-0.225
-0.235
-0.235
-0.235
-0.22
-0.215
-0.22
-0.22
-0.225
-0.2
-0.205
-0.2
-0.195
-0.21
-0.21
-0.195
-0.185
-0.175
-0.185
-0.185
-0.185
-0.19
-0.18
-0.175
-0.17
-0.18
-0.185
-0.175
-0.19
-0.165
-0.175
-0.19
-0.185
-0.18
-0.17
-0.165
-0.18
-0.185
-0.195
-0.185
-0.185
-0.185
-0.195
-0.205
-0.215
-0.205
-0.2
-0.2
-0.21
-0.215
-0.23
-0.22
-0.22
-0.22
-0.23
-0.235
-0.245
-0.23
-0.235
-0.235
-0.23
-0.24
-0.255
-0.25
-0.245
-0.24
-0.265
-0.27
-0.265
-0.25
-0.255
-0.255
-0.26
-0.27
-0.275
-0.27
-0.265
-0.255
-0.275
-0.28
-0.285
-0.27
-0.265
-0.265
-0.275
-0.275
-0.28
-0.27
-0.28
-0.265
-0.27
-0.28
-0.28
-0.275
-0.27
-0.26
-0.27
-0.275
-0.27
-0.255
-0.235
-0.215
-0.21
-0.205
-0.2
-0.185
-0.18
-0.175
-0.18
-0.175
-0.17
-0.16
-0.145
-0.145
-0.15
-0.155
-0.155
-0.145
-0.155
-0.17
-0.18
-0.215
-0.215
-0.2
-0.185
-0.18
-0.19
-0.2
-0.21
-0.22
-0.23
-0.24
-0.255
-0.265
-0.275
-0.285
-0.29
-0.29
-0.3
-0.31
-0.315
-0.315
-0.305
-0.305
-0.305
-0.325
-0.32
-0.305
-0.3
-0.31
-0.325
-0.32
-0.33
-0.32
-0.33
-0.32
-0.325
-0.315
-0.32
-0.315
-0.3
-0.315
-0.3
-0.305
-0.315
-0.295
-0.3
-0.29
-0.3
-0.315
-0.325
-0.365
-0.42
-0.465
-0.46
-0.415
-0.335
-0.21
0.045
0.415
0.835
1.205
1.53
1.79
1.89
1.855
1.56
1.025
0.405
-0.07
-0.325
-0.4
-0.415
-0.36
-0.275
-0.195
-0.18
-0.215
-0.24
-0.25
-0.255
-0.26
-0.26
-0.28
-0.295
-0.31
-0.31
-0.315
-0.32
-0.305
-0.31
-0.325
-0.335
-0.325
-0.315
-0.32
-0.33
-0.34
-0.335
-0.325
-0.33
-0.33
-0.335
-0.33
-0.325
-0.325
-0.31
-0.315
-0.31
-0.315
-0.32
-0.305
-0.295
-0.29
-0.29
-0.305
-0.295
-0.29
-0.275
-0.26
-0.265
-0.265
-0.26
-0.25
-0.23
-0.22
-0.215
-0.205
-0.2
-0.185
-0.155
-0.145
-0.14
-0.125
-0.11
-0.085
-0.065
-0.045
-0.035
-0.035
-0.015
0.02
0.045
0.055
0.05
0.06
0.065
0.09
0.1
0.125
0.13
0.13
0.13
0.155
0.165
0.165
0.165
0.16
0.15
0.155
0.165
0.155
0.115
0.1
0.085
0.075
0.07
0.05
0.02
-0.01
-0.035
-0.05
-0.06
-0.09
-0.11
-0.14
-0.16
-0.165
-0.16
-0.17
-0.185
-0.2
-0.22
-0.22
-0.22
-0.225
-0.22
-0.25
-0.25
-0.245
-0.23
-0.225
-0.24
-0.255
-0.26
-0.255
-0.245
-0.24
-0.25
-0.25
-0.26
-0.245
-0.24
-0.245
-0.245
-0.255
-0.255
-0.235
-0.215
-0.22
-0.215
-0.24
-0.24
-0.215
-0.215
-0.22
-0.235
-0.23
-0.23
-0.22
-0.215
-0.21
-0.22
-0.225
-0.23
-0.22
-0.215
-0.205
-0.225
-0.225
-0.21
-0.225
-0.215
-0.215
-0.225
-0.24
-0.24
-0.225
-0.225
-0.225
-0.23
-0.24
-0.245
-0.255
-0.245
-0.245
-0.245
-0.26
-0.255
-0.255
-0.25
-0.26
-0.27
-0.275
-0.29
-0.28
-0.29
-0.285
-0.285
-0.315
-0.32
-0.31
-0.295
-0.295
-0.305
-0.325
-0.33
-0.325
-0.33
-0.31
-0.32
-0.33
-0.34
-0.325
-0.32
-0.325
-0.335
-0.35
-0.35
-0.355
-0.335
-0.345
-0.345
-0.355
-0.365
-0.345
-0.34
-0.335
-0.35
-0.355
-0.365
-0.365
-0.345
-0.345
-0.36
-0.37
-0.38
-0.375
-0.355
-0.355
-0.37
-0.37
-0.37
-0.355
-0.335
-0.33
-0.33
-0.325
-0.31
-0.295
-0.275
-0.275
-0.28
-0.29
-0.28
-0.27
-0.265
-0.265
-0.26
-0.265
-0.27
-0.27
-0.275
-0.29
-0.305
-0.33
-0.34
-0.33
-0.315
-0.3
-0.3
-0.31
-0.34
-0.345
-0.345
-0.355
-0.36
-0.38
-0.395
-0.395
-0.38
-0.395
-0.405
-0.42
-0.435
-0.435
-0.415
-0.425
-0.435
-0.435
-0.445
-0.43
-0.43
-0.425
-0.425
-0.44
-0.46
-0.44
-0.445
-0.44
-0.445
-0.455
-0.465
-0.46
-0.44
-0.445
-0.44
-0.44
-0.445
-0.435
-0.43
-0.43
-0.435
-0.455
-0.465
-0.495
-0.54
-0.59
-0.605
-0.565
-0.51
-0.415
-0.265
-0.01
0.335
0.665
0.975
1.285
1.525
1.645
1.655
1.49
1.105
0.58
0.075
-0.255
-0.445
-0.545
-0.59
-0.575
-0.48
-0.39
-0.355
-0.375
-0.405
-0.405
-0.4
-0.39
-0.41
-0.44
-0.46
-0.465
-0.465
-0.475
-0.46
-0.48
-0.485
-0.485
-0.475
-0.47
-0.48
-0.5
-0.495
-0.485
-0.475
-0.475
-0.48
-0.49
-0.49
-0.495
-0.475
-0.475
-0.475
-0.485
-0.48
-0.48
-0.475
-0.47
-0.47
-0.47
-0.48
-0.47
-0.455
-0.455
-0.465
-0.46
-0.45
-0.445
-0.43
-0.43
-0.425
-0.43
-0.44
-0.405
-0.385
-0.39
-0.38
-0.385
-0.38
-0.36
-0.335
-0.34
-0.33
-0.31
-0.305
-0.275
-0.26
-0.245
-0.225
-0.215
-0.22
-0.19
-0.165
-0.155
-0.14
-0.14
-0.135
-0.11
-0.09
-0.08
-0.065
-0.07
-0.06
-0.045
-0.02
-0.02
-0.025
-0.025
-0.025
-0.005
-0.005
-0.005
-0.02
-0.03
-0.04
-0.05
-0.05
-0.06
-0.085
-0.1
-0.13
-0.14
-0.155
-0.175
-0.2
-0.235
-0.245
-0.26
-0.27
-0.275
-0.295
-0.32
-0.33
-0.325
-0.33
-0.35
-0.355
-0.36
-0.375
-0.365
-0.375
-0.38
-0.375
-0.4
-0.405
-0.385
-0.39
-0.38
-0.39
-0.4
-0.41
-0.395
-0.395
-0.39
-0.385
-0.4
-0.4
-0.4
-0.385
-0.39
-0.375
-0.385
-0.39
-0.385
-0.37
-0.365
-0.375
-0.37
-0.38
-0.38
-0.365
-0.355
-0.355
-0.36
-0.365
-0.37
-0.355
-0.34
-0.355
-0.36
-0.365
-0.35
-0.345
-0.35
-0.365
-0.365
-0.36
-0.37
-0.355
-0.355
-0.36
-0.38
-0.37
-0.37
-0.375
-0.365
-0.38
-0.395
-0.395
-0.39
-0.39
-0.39
-0.405
-0.415
-0.42
-0.415
-0.405
-0.41
-0.435
-0.43
-0.445
-0.435
-0.43
-0.43
-0.445
-0.445
-0.445
-0.445
-0.44
-0.44
-0.45
-0.46
-0.465
-0.465
-0.46
-0.455
-0.465
-0.47
-0.485
-0.465
-0.465
-0.465
-0.48
-0.475
-0.495
-0.475
-0.465
-0.47
-0.48
-0.495
-0.49
-0.475
-0.465
-0.465
-0.47
-0.47
-0.455
-0.435
-0.41
-0.4
-0.405
-0.405
-0.415
-0.395
-0.385
-0.365
-0.38
-0.39
-0.4
-0.4
-0.38
-0.375
-0.375
-0.39
-0.41
-0.415
-0.425
-0.435
-0.44
-0.445
-0.445
-0.41
-0.415
-0.42
-0.44
-0.47
-0.49
-0.485
-0.49
-0.505
-0.51
-0.525
-0.53
-0.555
-0.545
-0.55
-0.565
-0.56
-0.565
-0.56
-0.555
-0.555
-0.55
-0.57
-0.575
-0.56
-0.555
-0.56
-0.555
-0.57
-0.565
-0.555
-0.545
-0.555
-0.56
-0.575
-0.58
-0.585
-0.615
-0.675
-0.725
-0.725
-0.655
-0.565
-0.445
-0.205
0.135
0.515
0.89
1.24
1.495
1.62
1.6
1.41
0.99
0.45
-0.045
-0.405
-0.615
-0.675
-0.665
-0.625
-0.535
-0.465
-0.45
-0.48
-0.515
-0.52
-0.52
-0.53
-0.54
-0.555
-0.57
-0.58
-0.575
-0.58
-0.595
-0.61
-0.635
-0.615
-0.6
-0.605
-0.61
-0.62
-0.62
-0.61
-0.6
-0.6
-0.61
-0.615
-0.61
-0.615
-0.6
-0.595
-0.605
-0.605
-0.605
-0.6
-0.59
-0.59
-0.59
-0.605
-0.595
-0.595
-0.575
-0.57
-0.565
-0.575
-0.57
-0.56
-0.54
-0.55
-0.545
-0.54
-0.545
-0.52
-0.52
-0.5
-0.5
-0.495
-0.49
-0.475
-0.45
-0.445
-0.42
-0.415
-0.415
-0.37
-0.35
-0.33
-0.33
-0.31
-0.3
-0.28
-0.245
-0.225
-0.205
-0.205
-0.19
-0.17
-0.145
-0.14
-0.125
-0.12
-0.115
-0.105
-0.09
-0.065
-0.075
-0.07
-0.065
-0.06
-0.05
-0.045
-0.06
-0.08
-0.08
-0.095
-0.085
-0.095
-0.125
-0.15
-0.175
-0.18
-0.2
-0.22
-0.24
-0.27
-0.31
-0.33
-0.335
-0.36
-0.37
-0.385
-0.425
-0.43
-0.415
-0.425
-0.455
-0.465
-0.47
-0.475
-0.47
-0.465
-0.47
-0.485
-0.505
-0.495
-0.495
-0.485
-0.49
-0.495
-0.5
-0.49
-0.49
-0.49
-0.48
-0.505
-0.49
-0.49
-0.475
-0.485
-0.475
-0.48
-0.51
-0.485
-0.475
-0.47
-0.47
-0.47
-0.475
-0.46
-0.455
-0.445
-0.445
-0.45
-0.455
-0.44
-0.435
-0.43
-0.445
-0.44
-0.445
-0.435
-0.435
-0.43
-0.44
-0.445
-0.445
-0.44
-0.43
-0.435
-0.45
-0.46
-0.45
-0.46
-0.445
-0.45
-0.46
-0.46
-0.465
-0.46
-0.455
-0.47
-0.475
-0.48
-0.495
-0.49
-0.475
-0.475
-0.49
-0.505
-0.515
-0.51
-0.5
-0.495
-0.505
-0.515
-0.52
-0.515
-0.5
-0.51
-0.515
-0.525
-0.52
-0.525
-0.515
-0.515
-0.52
-0.53
-0.535
-0.545
-0.53
-0.53
-0.545
-0.545
-0.55
-0.54
-0.54
-0.54
-0.545
-0.55
-0.545
-0.545
-0.54
-0.545
-0.545
-0.55
-0.565
-0.555
-0.55
-0.55
-0.545
-0.555
-0.545
-0.545
-0.525
-0.53
-0.525
-0.52
-0.515
-0.485
-0.46
-0.46
-0.465
-0.465
-0.475
-0.46
-0.44
-0.435
-0.435
-0.44
-0.45
-0.44
-0.425
-0.415
-0.42
-0.44
-0.45
-0.46
-0.46
-0.485
-0.485
-0.485
-0.475
-0.465
-0.465
-0.475
-0.5
-0.515
-0.53
-0.52
-0.525
-0.54
-0.555
-0.57
-0.58
-0.585
-0.58
-0.595
-0.6
-0.61
-0.61
-0.6
-0.6
-0.595
-0.605
-0.615
-0.62
-0.61
-0.6
-0.615
-0.625
-0.615
-0.61
-0.605
-0.58
-0.59
-0.59
-0.59
-0.6
-0.61
-0.635
-0.69
-0.735
-0.76
-0.73
-0.66
-0.56
-0.4
-0.1
0.265
0.655
1.03
1.365
1.6
1.685
1.595
1.245
0.725
0.17
-0.275
-0.565
-0.655
-0.695
-0.68
-0.645
-0.56
-0.495
-0.485
-0.515
-0.54
-0.545
-0.55
-0.55
-0.555
-0.57
-0.59
-0.58
-0.595
-0.6
-0.61
-0.625
-0.6
-0.605
-0.605
-0.615
-0.62
-0.63
-0.62
-0.605
-0.61
-0.61
-0.625
-0.63
-0.62
-0.615
-0.62
-0.62
-0.62
-0.63
-0.625
-0.61
-0.6
-0.615
-0.615
-0.605
-0.6
-0.585
-0.585
-0.59
-0.59
-0.59
-0.58
-0.575
-0.565
-0.56
-0.565
-0.56
-0.55
-0.52
-0.515
-0.525
-0.525
-0.51
-0.485
-0.465
-0.45
-0.445
-0.44
-0.43
-0.4
-0.385
-0.38
-0.365
-0.34
-0.325
-0.305
-0.275
-0.265
-0.245
-0.235
-0.22
-0.185
-0.17
-0.165
-0.155
-0.15
-0.14
-0.125
-0.1
-0.095
-0.085
-0.08
-0.085
-0.07
-0.055
-0.045
-0.05
-0.055
-0.075
-0.065
-0.07
-0.08
-0.095
-0.12
-0.14
-0.14
-0.155
-0.17
-0.205
-0.235
-0.26
-0.275
-0.3
-0.315
-0.345
-0.36
-0.38
-0.395
-0.385
-0.415
-0.425
-0.44
-0.455
-0.45
-0.44
-0.455
-0.465
-0.475
-0.48
-0.47
-0.47
-0.475
-0.48
-0.485
-0.485
-0.47
-0.47
-0.47
-0.475
-0.485
-0.48
-0.475
-0.465
-0.46
-0.465
-0.48
-0.485
-0.47
-0.455
-0.445
-0.455
-0.465
-0.46
-0.455
-0.435
-0.44
-0.44
-0.45
-0.45
-0.44
-0.44
-0.44
-0.45
-0.445
-0.445
-0.43
-0.43
-0.42
-0.425
-0.425
-0.435
-0.42
-0.425
-0.43
-0.435
-0.435
-0.44
-0.435
-0.42
-0.415
-0.435
-0.44
-0.445
-0.445
-0.445
-0.445
-0.445
-0.46
-0.47
-0.46
-0.455
-0.46
-0.465
-0.475
-0.48
-0.465
-0.46
-0.47
-0.48
-0.48
-0.495
-0.48
-0.475
-0.475
-0.495
-0.495
-0.505
-0.505
-0.5
-0.5
-0.505
-0.51
-0.505
-0.5
-0.5
-0.485
-0.505
-0.52
-0.525
-0.51
-0.505
-0.51
-0.51
-0.525
-0.53
-0.52
-0.51
-0.505
-0.505
-0.515
-0.515
-0.505
-0.515
-0.51
-0.515
-0.515
-0.525
-0.505
-0.49
-0.5
-0.505
-0.5
-0.51
-0.5
-0.49
-0.475
-0.47
-0.48
-0.475
-0.455
-0.435
-0.44
-0.425
-0.42
-0.435
-0.415
-0.4
-0.405
-0.39
-0.39
-0.39
-0.39
-0.39
-0.385
-0.385
-0.39
-0.405
-0.395
-0.395
-0.41
-0.42
-0.435
-0.44
-0.44
-0.41
-0.405
-0.395
-0.415
-0.415
-0.435
-0.435
-0.445
-0.46
-0.48
-0.505
-0.505
-0.5
-0.505
-0.5
-0.52
-0.53
-0.53
-0.525
-0.525
-0.54
-0.545
-0.55
-0.535
-0.53
-0.53
-0.53
-0.54
-0.545
-0.545
-0.525
-0.53
-0.535
-0.535
-0.545
-0.525
-0.515
-0.515
-0.525
-0.55
-0.55
-0.575
-0.6
-0.64
-0.68
-0.665
-0.61
-0.54
-0.46
-0.295
-0.035
0.3
0.63
0.935
1.23
1.48
1.625
1.665
1.545
1.22
0.75
0.24
-0.17
-0.44
-0.59
-0.635
-0.605
-0.565
-0.485
-0.42
-0.42
-0.435
-0.445
-0.455
-0.47
-0.495
-0.505
-0.485
-0.49
-0.495
-0.515
-0.54
-0.535
-0.535
-0.53
-0.53
-0.535
-0.545
-0.56
-0.545
-0.54
-0.54
-0.55
-0.55
-0.57
-0.55
-0.54
-0.535
-0.55
-0.54
-0.545
-0.54
-0.525
-0.525
-0.53
-0.54
-0.54
-0.53
-0.5
-0.505
-0.515
-0.515
-0.51
-0.505
-0.49
-0.495
-0.49
-0.495
-0.49
-0.48
-0.46
-0.455
-0.44
-0.44
-0.445
-0.43
-0.4
-0.395
-0.385
-0.38
-0.375
-0.36
-0.325
-0.315
-0.3
-0.285
-0.27
-0.25
-0.215
-0.205
-0.2
-0.19
-0.17
-0.135
-0.125
-0.1
-0.09
-0.09
-0.08
-0.055
-0.035
-0.02
-0.015
-0.005
-0.01
0.015
0.03
0.035
0.025
0.015
0.01
0.02
0.025
0.015
0.0
-0.01
-0.03
-0.035
-0.05
-0.045
-0.075
-0.11
-0.125
-0.15
-0.16
-0.18
-0.205
-0.225
-0.24
-0.255
-0.265
-0.285
-0.3
-0.31
-0.33
-0.325
-0.32
-0.335
-0.34
-0.355
-0.37
-0.35
-0.345
-0.355
-0.36
-0.38
-0.37
-0.365
-0.365
-0.365
-0.37
-0.365
-0.375
-0.38
-0.355
-0.35
-0.36
-0.35
-0.37
-0.355
-0.335
-0.335
-0.335
-0.34
-0.345
-0.34
-0.32
-0.325
-0.32
-0.31
-0.33
-0.315
-0.305
-0.315
-0.32
-0.315
-0.32
-0.31
-0.3
-0.295
-0.3
-0.315
-0.315
-0.3
-0.3
-0.305
-0.305
-0.31
-0.31
-0.31
-0.3
-0.3
-0.31
-0.32
-0.32
-0.31
-0.31
-0.31
-0.33
-0.325
-0.335
-0.33
-0.335
-0.33
-0.35
-0.345
-0.36
-0.34
-0.34
-0.35
-0.36
-0.37
-0.38
-0.38
-0.365
-0.37
-0.38
-0.39
-0.39
-0.385
-0.385
-0.385
-0.395
-0.42
-0.415
-0.4
-0.385
-0.395
-0.395
-0.405
-0.41
-0.405
-0.385
-0.39
-0.395
-0.41
-0.405
-0.395
-0.38
-0.4
-0.405
-0.395
-0.405
-0.4
-0.385
-0.385
-0.38
-0.39
-0.395
-0.37
-0.355
-0.345
-0.35
-0.34
-0.335
-0.33
-0.315
-0.32
-0.3
-0.305
-0.3
-0.285
-0.28
-0.285
-0.29
-0.285
-0.29
-0.29
-0.29
-0.305
-0.32
-0.345
-0.35
-0.345
-0.32
-0.315
-0.315
-0.32
-0.335
-0.355
-0.35
-0.37
-0.38
-0.4
-0.41
-0.415
-0.405
-0.425
-0.43
-0.435
-0.44
-0.44
-0.425
-0.455
-0.44
-0.45
-0.46
-0.45
-0.435
-0.44
-0.445
-0.45
-0.45
-0.435
-0.43
-0.43
-0.445
-0.445
-0.46
-0.44
-0.44
-0.48
-0.525
-0.595
-0.64
-0.615
-0.565
-0.49
-0.395
-0.215
0.09
0.485
0.865
1.23
1.56
1.77
1.86
1.82
1.575
1.065
0.485
-0.025
-0.375
-0.515
-0.535
-0.515
-0.475
-0.39
-0.34
-0.325
-0.35
-0.375
-0.395
-0.4
-0.405
-0.41
-0.405
-0.435
-0.45
-0.465
-0.48
-0.465
-0.45
-0.47
-0.475
-0.485
-0.485
-0.48
-0.47
-0.48
-0.475
-0.485
-0.49
-0.48
-0.475
-0.475
-0.475
-0.48
-0.49
-0.475
-0.465
-0.46
-0.465
-0.46
-0.46
-0.46
-0.45
-0.45
-0.44
-0.445
-0.44
-0.425
-0.41
-0.415
-0.405
-0.415
-0.41
-0.39
-0.375
-0.375
-0.36
-0.36
-0.355
-0.33
-0.31
-0.3
-0.29
-0.285
-0.27
-0.24
-0.215
-0.205
-0.185
-0.18
-0.16
-0.125
-0.095
-0.095
-0.075
-0.065
-0.055
-0.025
-0.005
0.015
0.025
0.035
0.035
0.06
0.085
0.1
0.1
0.1
0.105
0.115
0.135
0.125
0.115
0.115
0.105
0.11
0.105
0.08
0.045
0.03
0.005
-0.005
-0.015
-0.055
-0.08
-0.125
-0.145
-0.16
-0.17
-0.2
-0.21
-0.235
-0.245
-0.26
-0.265
-0.28
-0.29
-0.29
-0.3
-0.3
-0.295
-0.295
-0.31
-0.315
-0.315
-0.315
-0.295
-0.305
-0.31
-0.31
-0.315
-0.305
-0.29
-0.305
-0.305
-0.315
-0.315
-0.315
-0.29
-0.305
-0.305
-0.295
-0.3
-0.29
-0.27
-0.28
-0.28
-0.28
-0.29
-0.27
-0.26
-0.27
-0.27
-0.275
-0.27
-0.275
-0.25
-0.25
-0.27
-0.285
-0.28
-0.265
-0.255
-0.27
-0.285
-0.285
-0.285
-0.27
-0.25
-0.27
-0.28
-0.295
-0.31
-0.295
-0.28
-0.3
-0.3
-0.31
-0.31
-0.31
-0.305
-0.31
-0.32
-0.32
-0.34
-0.325
-0.32
-0.34
-0.345
-0.36
-0.36
-0.355
-0.345
-0.345
-0.35
-0.35
-0.36
-0.37
-0.345
-0.36
-0.365
-0.37
-0.375
-0.365
-0.36
-0.365
-0.355
-0.38
-0.375
-0.37
-0.365
-0.36
-0.365
-0.37
-0.375
-0.36
-0.355
-0.365
-0.36
-0.38
-0.375
-0.365
-0.35
-0.355
-0.345
-0.33
-0.315
-0.31
-0.285
-0.29
-0.28
-0.29
-0.285
-0.265
-0.24
-0.25
-0.255
-0.26
-0.255
-0.235
-0.235
-0.25
-0.26
-0.275
-0.29
-0.3
-0.305
-0.3
-0.29
-0.295
-0.29
-0.275
-0.285
-0.32
-0.35
-0.36
-0.375
-0.355
-0.36
-0.385
-0.38
-0.405
-0.41
-0.4
-0.395
-0.405
-0.42
-0.425
-0.425
-0.42
-0.41
-0.415
-0.425
-0.43
-0.44
-0.42
-0.395
-0.41
-0.415
-0.42
-0.425
-0.42
-0.405
-0.415
-0.46
-0.525
-0.575
-0.585
-0.53
-0.455
-0.355
-0.17
0.14
0.54
0.945
1.29
1.585
1.785
1.86
1.76
1.41
0.835
0.23
-0.225
-0.45
-0.515
-0.515
-0.485
-0.395
-0.315
-0.285
-0.305
-0.33
-0.36
-0.365
-0.365
-0.375
-0.38
-0.38
-0.395
-0.405
-0.41
-0.415
-0.415
-0.41
-0.425
-0.43
-0.44
-0.435
-0.435
-0.415
-0.42
-0.425
-0.44
-0.43
-0.43
-0.42
-0.415
-0.435
-0.43
-0.43
-0.415
-0.405
-0.4
-0.415
-0.415
-0.41
-0.41
-0.395
-0.405
-0.4
-0.405
-0.4
-0.385
-0.365
-0.375
-0.365
-0.36
-0.35
-0.345
-0.325
-0.315
-0.305
-0.31
-0.3
-0.27
-0.25
-0.235
-0.225
-0.21
-0.21
-0.17
-0.14
-0.125
-0.11
-0.095
-0.085
-0.065
-0.03
-0.01
-0.005
0.01
0.025
0.04
0.06
0.08
0.08
0.09
0.1
0.11
0.13
0.135
0.125
0.13
0.12
0.125
0.12
0.11
0.085
0.07
0.055
0.045
0.035
0.01
-0.04
-0.065
-0.085
-0.09
-0.115
-0.135
-0.15
-0.185
-0.195
-0.205
-0.205
-0.215
-0.23
-0.24
-0.25
-0.25
-0.245
-0.245
-0.25
-0.27
-0.265
-0.27
-0.255
-0.26
-0.28
-0.28
-0.265
-0.265
-0.26
-0.26
-0.27
-0.295
-0.275
-0.265
-0.25
-0.245
-0.25
-0.26
-0.27
-0.255
-0.24
-0.24
-0.235
-0.235
-0.24
-0.235
-0.22
-0.22
-0.23
-0.23
-0.225
-0.225
-0.21
-0.21
-0.22
-0.225
-0.23
-0.22
-0.205
-0.215
-0.22
-0.23
-0.22
-0.23
-0.21
-0.22
-0.225
-0.245
-0.255
-0.245
-0.24
-0.25
-0.245
-0.265
-0.255
-0.265
-0.26
-0.265
-0.26
-0.265
-0.28
-0.28
-0.27
-0.27
-0.275
-0.29
-0.295
-0.285
-0.265
-0.275
-0.285
-0.3
-0.315
-0.295
-0.29
-0.295
-0.3
-0.32
-0.32
-0.315
-0.31
-0.315
-0.325
-0.335
-0.32
-0.315
-0.305
-0.31
-0.32
-0.32
-0.33
-0.32
-0.305
-0.315
-0.325
-0.325
-0.34
-0.325
-0.32
-0.305
-0.305
-0.32
-0.3
-0.275
-0.26
-0.23
-0.245
-0.26
-0.24
-0.225
-0.205
-0.21
-0.22
-0.22
-0.21
-0.215
-0.195
-0.195
-0.21
-0.21
-0.22
-0.215
-0.225
-0.225
-0.265
-0.28
-0.275
-0.245
-0.225
-0.23
-0.255
-0.275
-0.29
-0.295
-0.295
-0.295
-0.31
-0.325
-0.335
-0.33
-0.33
-0.35
-0.36
-0.375
-0.37
-0.37
-0.36
-0.37
-0.37
-0.37
-0.375
-0.355
-0.365
-0.36
-0.355
-0.36
-0.365
-0.36
-0.35
-0.355
-0.36
-0.37
-0.375
-0.4
-0.44
-0.49
-0.525
-0.495
-0.435
-0.335
-0.165
0.105
0.435
0.795
1.145
1.47
1.69
1.79
1.725
1.43
0.925
0.355
-0.065
-0.345
-0.465
-0.48
-0.435
-0.33
-0.245
-0.235
-0.28
-0.315
-0.335
-0.335
-0.325
-0.335
-0.35
-0.375
-0.38
-0.385
-0.375
-0.385
-0.395
-0.405
-0.405
-0.395
-0.385
-0.385
-0.405
-0.415
-0.4
-0.39
-0.38
-0.385
-0.38
-0.4
-0.4
-0.39
-0.38
-0.375
-0.38
-0.39
-0.38
-0.37
-0.365
-0.36
-0.36
-0.37
-0.36
-0.345
-0.33
-0.325
-0.32
-0.33
-0.33
-0.305
-0.285
-0.29
-0.275
-0.285
-0.265
-0.245
-0.225
-0.205
-0.2
-0.18
-0.17
-0.145
-0.1
-0.09
-0.08
-0.055
-0.05
-0.015
0.005
0.02
0.035
0.035
0.05
0.07
0.1
0.115
0.12
0.12
0.14
0.15
0.15
0.16
0.15
0.135
0.125
0.135
0.115
0.105
0.08
0.05
0.025
0.015
0.01
-0.02
-0.055
-0.08
-0.105
-0.11
-0.13
-0.14
-0.16
-0.185
-0.195
-0.195
-0.195
-0.215
-0.225
-0.23
-0.24
-0.235
-0.24
-0.25
-0.255
-0.255
-0.255
-0.245
-0.23
-0.23
-0.24
-0.25
-0.245
-0.24
-0.22
-0.23
-0.225
-0.245
-0.24
-0.225
-0.21
-0.21
-0.22
-0.22
-0.21
-0.22
-0.205
-0.21
-0.205
-0.215
-0.21
-0.205
-0.205
-0.2
-0.21
-0.215
-0.23
-0.205
-0.205
-0.215
-0.21
-0.2
-0.21
-0.2
-0.2
-0.195
-0.21
-0.205
-0.215
-0.205
-0.19
-0.205
-0.225
-0.23
-0.225
-0.23
-0.235
-0.215
-0.23
-0.24
-0.23
-0.23
-0.235
-0.23
-0.24
-0.245
-0.255
-0.25
-0.24
-0.245
-0.25
-0.275
-0.275
-0.28
-0.27
-0.275
-0.28
-0.29
-0.295
-0.285
-0.28
-0.275
-0.29
-0.29
-0.305
-0.285
-0.28
-0.29
-0.29
-0.3
-0.305
-0.3
-0.285
-0.29
-0.3
-0.305
-0.305
-0.3
-0.29
-0.3
-0.3
-0.305
-0.305
-0.29
-0.27
-0.26
-0.25
-0.245
-0.23
-0.22
-0.21
-0.21
-0.22
-0.22
-0.21
-0.195
-0.185
-0.19
-0.195
-0.195
-0.185
-0.175
-0.18
-0.18
-0.2
-0.22
-0.23
-0.245
-0.235
-0.23
-0.225
-0.225
-0.225
-0.225
-0.245
-0.255
-0.26
-0.29
-0.29
-0.295
-0.3
-0.305
-0.32
-0.335
-0.35
-0.335
-0.33
-0.345
-0.355
-0.37
-0.36
-0.35
-0.35
-0.355
-0.355
-0.38
-0.365
-0.355
-0.355
-0.35
-0.36
-0.36
-0.37
-0.35
-0.345
-0.35
-0.355
-0.385
-0.425
-0.47
-0.52
-0.525
-0.505
-0.435
-0.33
-0.145
0.155
0.54
0.91
1.265
1.61
1.86
1.965
1.9
1.63
1.13
0.535
0.035
-0.29
-0.435
-0.475
-0.455
-0.38
-0.29
-0.225
-0.24
-0.285
-0.305
-0.32
-0.315
-0.325
-0.32
-0.345
-0.375
-0.385
-0.385
-0.375
-0.39
-0.395
-0.395
-0.405
-0.4
-0.38
-0.395
-0.405
-0.405
-0.4
-0.39
-0.385
-0.39
-0.4
-0.405
-0.4
-0.395
-0.375
-0.38
-0.385
-0.395
-0.395
-0.38
-0.365
-0.375
-0.36
-0.375
-0.37
-0.36
-0.355
-0.335
-0.34
-0.345
-0.335
-0.315
-0.31
-0.295
-0.29
-0.305
-0.29
-0.265
-0.245
-0.22
-0.215
-0.205
-0.19
-0.16
-0.145
-0.115
-0.095
-0.09
-0.07
-0.045
-0.03
-0.005
0.005
0.025
0.045
0.07
0.085
0.095
0.1
0.09
0.11
0.13
0.145
0.155
0.15
0.15
0.155
0.16
0.17
0.17
0.15
0.13
0.125
0.12
0.105
0.095
0.065
0.035
0.01
-0.01
-0.025
-0.045
-0.075
-0.11
-0.125
-0.135
-0.145
-0.165
-0.18
-0.205
-0.22
-0.215
-0.22
-0.225
-0.235
-0.26
-0.255
-0.265
-0.25
-0.245
-0.25
-0.275
-0.275
-0.26
-0.255
-0.245
-0.26
-0.265
-0.26
-0.26
-0.265
-0.245
-0.265
-0.265
-0.27
-0.265
-0.245
-0.25
-0.25
-0.26
-0.25
-0.24
-0.22
-0.225
-0.235
-0.24
-0.23
-0.22
-0.21
-0.21
-0.22
-0.225
-0.23
-0.22
-0.21
-0.21
-0.225
-0.23
-0.225
-0.225
-0.21
-0.23
-0.23
-0.225
-0.22
-0.22
-0.22
-0.22
-0.22
-0.23
-0.225
-0.23
-0.215
-0.245
-0.25
-0.255
-0.255
-0.24
-0.245
-0.25
-0.245
-0.265
-0.26
-0.26
-0.25
-0.25
-0.255
-0.265
-0.27
-0.27
-0.265
-0.28
-0.285
-0.285
-0.29
-0.275
-0.275
-0.285
-0.29
-0.295
-0.295
-0.29
-0.29
-0.29
-0.295
-0.3
-0.305
-0.295
-0.285
-0.295
-0.31
-0.31
-0.305
-0.315
-0.295
-0.29
-0.29
-0.305
-0.3
-0.3
-0.29
-0.29
-0.295
-0.315
-0.305
-0.31
-0.3
-0.295
-0.315
-0.315
-0.295
-0.27
-0.26
-0.23
-0.23
-0.245
-0.24
-0.225
-0.21
-0.22
-0.215
-0.205
-0.21
-0.2
-0.19
-0.195
-0.195
-0.195
-0.185
-0.18
-0.195
-0.195
-0.215
-0.235
-0.245
-0.25
-0.245
-0.23
-0.225
-0.235
-0.25
-0.25
-0.26
-0.275
-0.29
-0.305
-0.31
-0.31
-0.31
-0.315
-0.33
-0.345
-0.355
-0.365
-0.35
-0.36
-0.365
-0.375
-0.375
-0.365
-0.36
-0.365
-0.37
-0.395
-0.39
-0.38
-0.37
-0.355
-0.36
-0.37
-0.375
-0.365
-0.35
-0.365
-0.385
-0.445
-0.515
-0.55
-0.545
-0.48
-0.41
-0.295
-0.045
0.305
0.705
1.09
1.43
1.7
1.88
1.925
1.845
1.56
1.055
0.5
0.005
-0.3
-0.425
-0.45
-0.455
-0.425
-0.33
-0.26
-0.235
-0.27
-0.315
-0.33
-0.335
-0.335
-0.325
-0.345
-0.365
-0.38
-0.4
-0.39
-0.39
-0.39
-0.395
-0.415
-0.42
-0.41
-0.405
-0.405
-0.415
-0.425
-0.43
-0.41
-0.395
-0.4
-0.405
-0.415
-0.415
-0.405
-0.395
-0.395
-0.4
-0.415
-0.4
-0.385
-0.365
-0.365
-0.37
-0.375
-0.37
-0.365
-0.355
-0.34
-0.345
-0.355
-0.345
-0.33
-0.3
-0.305
-0.3
-0.295
-0.285
-0.265
-0.245
-0.23
-0.225
-0.225
-0.2
-0.165
-0.135
-0.125
-0.115
-0.1
-0.085
-0.05
-0.03
-0.01
-0.01
-0.005
0.015
0.055
0.065
0.085
0.09
0.095
0.1
0.12
0.15
0.15
0.16
0.15
0.16
0.17
0.175
0.175
0.155
0.12
0.13
0.13
0.12
0.12
0.075
0.055
0.035
0.01
0.01
-0.02
-0.045
-0.085
-0.11
-0.115
-0.125
-0.145
-0.17
-0.205
-0.22
-0.22
-0.22
-0.225
-0.25
-0.255
-0.255
-0.26
-0.24
-0.245
-0.26
-0.265
-0.28
-0.27
-0.26
-0.26
-0.275
-0.29
-0.295
-0.28
-0.26
-0.26
-0.27
-0.265
-0.265
-0.265
-0.245
-0.255
-0.26
-0.27
-0.265
-0.24
-0.235
-0.23
-0.24
-0.26
-0.24
-0.23
-0.22
-0.225
-0.23
-0.235
-0.24
-0.22
-0.22
-0.22
-0.23
-0.24
-0.24
-0.22
-0.225
-0.23
-0.225
-0.235
-0.235
-0.235
-0.235
-0.235
-0.24
-0.25
-0.24
-0.23
-0.235
-0.23
-0.245
-0.26
-0.265
-0.255
-0.25
-0.25
-0.27
-0.27
-0.265
-0.265
-0.265
-0.26
-0.28
-0.3
-0.285
-0.295
-0.285
-0.29
-0.305
-0.315
-0.31
-0.31
-0.3
-0.285
-0.305
-0.31
-0.305
-0.305
-0.295
-0.3
-0.315
-0.33
-0.335
-0.33
-0.32
-0.33
-0.345
-0.345
-0.335
-0.335
-0.32
-0.32
-0.335
-0.345
-0.345
-0.335
-0.32
-0.32
-0.335
-0.33
-0.335
-0.33
-0.33
-0.325
-0.33
-0.33
-0.33
-0.325
-0.315
-0.295
-0.275
-0.27
-0.255
-0.265
-0.245
-0.245
-0.25
-0.265
-0.26
-0.24
-0.23
-0.225
-0.225
-0.24
-0.225
-0.21
-0.195
-0.2
-0.215
-0.23
-0.245
-0.25
-0.255
-0.26
-0.27
-0.27
-0.26
-0.265
-0.255
-0.26
-0.29
-0.31
-0.33
-0.315
-0.31
-0.335
-0.35
-0.37
-0.37
-0.35
-0.36
-0.36
-0.385
-0.385
-0.39
-0.38
-0.37
-0.375
-0.38
-0.38
-0.385
-0.39
-0.375
-0.38
-0.38
-0.385
-0.38
-0.375
-0.365
-0.365
-0.365
-0.395
-0.39
-0.41
-0.46
-0.53
-0.545
-0.52
-0.455
-0.36
-0.19
0.105
0.485
0.85
1.215
1.55
1.74
1.805
1.705
1.385
0.88
0.345
-0.075
-0.35
-0.475
-0.505
-0.475
-0.38
-0.285
-0.255
-0.285
-0.32
-0.33
-0.335
-0.325
-0.33
-0.345
-0.375
-0.38
-0.395
-0.38
-0.385
-0.395
-0.405
-0.41
-0.41
-0.395
-0.4
-0.415
-0.415
-0.42
-0.4
-0.405
-0.41
-0.415
-0.425
-0.41
-0.4
-0.39
-0.395
-0.405
-0.41
-0.405
-0.39
-0.38
-0.39
-0.395
-0.39
-0.395
-0.375
-0.38
-0.38
-0.38
-0.375
-0.37
-0.36
-0.345
-0.325
-0.33
-0.34
-0.325
-0.295
-0.27
-0.275
-0.28
-0.275
-0.26
-0.23
-0.215
-0.205
-0.2
-0.195
-0.175
-0.15
-0.125
-0.12
-0.09
-0.085
-0.06
-0.03
-0.01
-0.02
-0.005
0.0
0.025
0.045
0.07
0.075
0.075
0.085
0.095
0.115
0.13
0.13
0.13
0.13
0.145
0.135
0.145
0.13
0.125
0.105
0.1
0.09
0.07
0.05
0.02
-0.015
-0.025
-0.045
-0.05
-0.07
-0.1
-0.12
-0.135
-0.145
-0.155
-0.17
-0.195
-0.22
-0.23
-0.205
-0.205
-0.21
-0.225
-0.235
-0.255
-0.235
-0.23
-0.24
-0.26
-0.26
-0.25
-0.245
-0.235
-0.235
-0.24
-0.245
-0.245
-0.235
-0.235
-0.23
-0.235
-0.235
-0.24
-0.23
-0.22
-0.215
-0.225
-0.24
-0.24
-0.23
-0.215
-0.215
-0.225
-0.225
-0.22
-0.205
-0.205
-0.19
-0.21
-0.21
-0.21
-0.195
-0.2
-0.2
-0.215
-0.205
-0.21
-0.215
-0.205
-0.205
-0.215
-0.22
-0.22
-0.22
-0.21
-0.22
-0.225
-0.235
-0.235
-0.24
-0.22
-0.22
-0.215
-0.245
-0.245
-0.235
-0.23
-0.23
-0.245
-0.26
-0.26
-0.265
-0.255
-0.26
-0.265
-0.28
-0.275
-0.29
-0.26
-0.265
-0.28
-0.3
-0.3
-0.3
-0.285
-0.29
-0.3
-0.315
-0.305
-0.305
-0.31
-0.31
-0.305
-0.31
-0.31
-0.295
-0.285
-0.29
-0.295
-0.315
-0.315
-0.295
-0.29
-0.31
-0.305
-0.31
-0.315
-0.305
-0.305
-0.3
-0.315
-0.31
-0.31
-0.295
-0.28
-0.28
-0.26
-0.255
-0.25
-0.24
-0.22
-0.215
-0.225
-0.23
-0.23
-0.205
-0.19
-0.185
-0.205
-0.225
-0.215
-0.2
-0.18
-0.19
-0.2
-0.21
-0.23
-0.23
-0.23
-0.25
-0.245
-0.25
-0.24
-0.23
-0.225
-0.225
-0.25
-0.28
-0.29
-0.285
-0.285
-0.285
-0.31
-0.32
-0.345
-0.32
-0.32
-0.325
-0.34
-0.35
-0.345
-0.355
-0.34
-0.34
-0.35
-0.36
-0.37
-0.355
-0.345
-0.345
-0.355
-0.36
-0.355
-0.345
-0.34
-0.325
-0.34
-0.36
-0.36
-0.355
-0.355
-0.375
-0.425
-0.475
-0.485
-0.455
-0.395
-0.32
-0.215
-0.04
0.255
0.585
0.9
1.185
1.43
1.62
1.725
1.73
1.545
1.145
0.635
0.165
-0.2
-0.39
-0.47
-0.455
-0.415
-0.325
-0.27
-0.23
-0.25
-0.275
-0.295
-0.33
-0.315
-0.305
-0.305
-0.31
-0.345
-0.375
-0.36
-0.37
-0.36
-0.37
-0.37
-0.38
-0.375
-0.385
-0.38
-0.37
-0.37
-0.4
-0.37
-0.375
-0.365
-0.36
-0.37
-0.385
-0.38
-0.365
-0.365
-0.36
-0.36
-0.375
-0.38
-0.37
-0.37
-0.36
-0.35
-0.36
-0.36
-0.36
-0.34
-0.33
-0.34
-0.335
-0.325
-0.31
-0.295
-0.295
-0.3
-0.295
-0.295
-0.27
-0.26
-0.255
-0.255
-0.25
-0.24
-0.215
-0.185
-0.17
-0.18
-0.165
-0.14
-0.115
-0.085
-0.085
-0.075
-0.065
-0.05
-0.025
0.0
0.03
0.025
0.035
0.035
0.055
0.08
0.095
0.1
0.11
0.115
0.12
0.145
0.15
0.155
0.145
0.145
0.165
0.17
0.175
0.155
0.135
0.125
0.125
0.115
0.1
0.075
0.045
0.025
0.015
0.005
-0.015
-0.045
-0.075
-0.1
-0.11
-0.115
-0.13
-0.16
-0.175
-0.185
-0.175
-0.2
-0.195
-0.21
-0.23
-0.22
-0.23
-0.225
-0.22
-0.24
-0.245
-0.245
-0.24
-0.225
-0.23
-0.24
-0.25
-0.26
-0.25
-0.24
-0.245
-0.24
-0.245
-0.235
-0.22
-0.23
-0.21
-0.22
-0.235
-0.235
-0.22
-0.205
-0.205
-0.215
-0.22
-0.225
-0.205
-0.19
-0.195
-0.195
-0.2
-0.195
-0.18
-0.175
-0.19
-0.195
-0.205
-0.205
-0.185
-0.19
-0.18
-0.185
-0.2
-0.195
-0.175
-0.17
-0.175
-0.195
-0.205
-0.19
-0.185
-0.18
-0.185
-0.19
-0.21
-0.21
-0.205
-0.195
-0.2
-0.205
-0.225
-0.225
-0.22
-0.21
-0.215
-0.23
-0.24
-0.24
-0.24
-0.225
-0.235
-0.245
-0.26
-0.27
-0.25
-0.245
-0.245
-0.255
-0.27
-0.265
-0.26
-0.25
-0.255
-0.265
-0.265
-0.28
-0.28
-0.265
-0.275
-0.27
-0.28
-0.27
-0.275
-0.27
-0.27
-0.285
-0.29
-0.29
-0.29
-0.285
-0.275
-0.295
-0.29
-0.285
-0.28
-0.27
-0.27
-0.275
-0.27
-0.265
-0.25
-0.225
-0.22
-0.215
-0.215
-0.215
-0.205
-0.2
-0.19
-0.185
-0.18
-0.175
-0.17
-0.155
-0.16
-0.165
-0.16
-0.16
-0.165
-0.16
-0.175
-0.19
-0.215
-0.215
-0.215
-0.2
-0.195
-0.195
-0.195
-0.215
-0.22
-0.23
-0.255
-0.26
-0.285
-0.3
-0.295
-0.3
-0.3
-0.315
-0.33
-0.34
-0.345
-0.335
-0.33
-0.34
-0.355
-0.34
-0.335
-0.33
-0.33
-0.335
-0.345
-0.345
-0.34
-0.325
-0.33
-0.335
-0.34
-0.345
-0.355
-0.375
-0.43
-0.51
-0.545
-0.5
-0.44
-0.33
-0.14
0.145
0.515
0.91
1.295
1.645
1.89
1.99
1.915
1.6
1.065
0.485
-0.03
-0.345
-0.465
-0.465
-0.41
-0.3
-0.205
-0.2
-0.235
-0.265
-0.285
-0.285
-0.28
-0.305
-0.32
-0.34
-0.35
-0.34
-0.345
-0.355
-0.37
-0.385
-0.375
-0.37
-0.37
-0.385
-0.385
-0.39
-0.375
-0.37
-0.365
-0.37
-0.39
-0.38
-0.375
-0.365
-0.365
-0.365
-0.375
-0.37
-0.365
-0.345
-0.345
-0.35
-0.365
-0.36
-0.335
-0.325
-0.315
-0.335
-0.33
-0.32
-0.3
-0.29
-0.285
-0.285
-0.285
-0.26
-0.25
-0.22
-0.215
-0.205
-0.19
-0.185
-0.16
-0.125
-0.12
-0.095
-0.09
-0.08
-0.05
-0.015
0.0
0.015
0.015
0.035
0.075
0.095
0.115
0.115
0.12
0.14
0.16
0.18
0.185
0.19
0.18
0.2
0.21
0.215
0.2
0.185
0.185
0.175
0.17
0.165
0.13
0.12
0.085
0.065
0.055
0.035
0.005
-0.035
-0.07
-0.085
-0.095
-0.12
-0.13
-0.155
-0.18
-0.18
-0.185
-0.19
-0.195
-0.205
-0.225
-0.22
-0.235
-0.225
-0.225
-0.22
-0.23
-0.24
-0.23
-0.215
-0.225
-0.24
-0.24
-0.24
-0.23
-0.215
-0.22
-0.215
-0.235
-0.225
-0.21
-0.205
-0.2
-0.205
-0.205
-0.205
-0.195
-0.19
-0.185
-0.19
-0.2
-0.205
-0.19
-0.17
-0.175
-0.19
-0.195
-0.19
-0.185
-0.18
-0.175
-0.18
-0.195
-0.19
-0.195
-0.18
-0.18
-0.19
-0.2
-0.2
-0.195
-0.195
-0.19
-0.2
-0.205
-0.21
-0.205
-0.195
-0.2
-0.215
-0.215
-0.22
-0.215
-0.215
-0.22
-0.22
-0.25
-0.23
-0.225
-0.205
-0.235
-0.24
-0.245
-0.265
-0.265
-0.255
-0.26
-0.26
-0.275
-0.285
-0.275
-0.265
-0.275
-0.285
-0.275
-0.29
-0.275
-0.275
-0.285
-0.29
-0.29
-0.29
-0.285
-0.27
-0.275
-0.275
-0.295
-0.29
-0.29
-0.275
-0.275
-0.285
-0.3
-0.305
-0.275
-0.28
-0.28
-0.285
-0.28
-0.265
-0.26
-0.23
-0.205
-0.205
-0.23
-0.22
-0.2
-0.205
-0.205
-0.19
-0.19
-0.19
-0.17
-0.17
-0.165
-0.175
-0.18
-0.175
-0.185
-0.185
-0.205
-0.225
-0.235
-0.23
-0.2
-0.2
-0.215
-0.235
-0.26
-0.27
-0.27
-0.285
-0.28
-0.3
-0.33
-0.325
-0.315
-0.32
-0.33
-0.335
-0.35
-0.355
-0.34
-0.335
-0.34
-0.335
-0.35
-0.355
-0.345
-0.325
-0.32
-0.33
-0.35
-0.345
-0.34
-0.35
-0.37
-0.43
-0.525
-0.525
-0.485
-0.42
-0.315
-0.115
0.2
0.63
1.07
1.475
1.79
1.95
1.925
1.655
1.12
0.5
-0.04
-0.365
-0.465
-0.455
-0.395
-0.305
-0.22
-0.215
-0.25
-0.29
-0.3
-0.295
-0.3
-0.315
-0.355
-0.365
-0.36
-0.355
-0.365
-0.38
-0.385
-0.385
-0.38
-0.375
-0.385
-0.375
-0.385
-0.405
-0.385
-0.38
-0.375
-0.385
-0.395
-0.385
-0.375
-0.375
-0.375
-0.38
-0.38
-0.375
-0.365
-0.36
-0.345
-0.355
-0.36
-0.345
-0.33
-0.32
-0.32
-0.325
-0.32
-0.315
-0.295
-0.275
-0.265
-0.27
-0.27
-0.26
-0.225
-0.215
-0.19
-0.18
-0.18
-0.155
-0.12
-0.105
-0.09
-0.07
-0.055
-0.04
-0.005
0.015
0.025
0.045
0.055
0.08
0.095
0.12
0.13
0.14
0.14
0.155
0.17
0.19
0.205
0.2
0.205
0.2
0.215
0.215
0.205
0.195
0.17
0.15
0.13
0.12
0.12
0.085
0.045
0.025
0.005
-0.01
-0.04
-0.07
-0.1
-0.11
-0.12
-0.13
-0.15
-0.175
-0.18
-0.195
-0.195
-0.195
-0.2
-0.22
-0.23
-0.23
-0.225
-0.22
-0.22
-0.24
-0.245
-0.24
-0.24
-0.235
-0.23
-0.23
-0.245
-0.23
-0.215
-0.215
-0.22
-0.215
-0.23
-0.23
-0.22
-0.21
-0.215
-0.21
-0.215
-0.225
-0.21
-0.2
-0.19
-0.195
-0.205
-0.19
-0.19
-0.19
-0.185
-0.195
-0.205
-0.205
-0.2
-0.185
-0.18
-0.195
-0.21
-0.205
-0.195
-0.185
-0.19
-0.215
-0.22
-0.215
-0.21
-0.21
-0.21
-0.22
-0.235
-0.24
-0.23
-0.22
-0.215
-0.23
-0.25
-0.24
-0.24
-0.24
-0.24
-0.255
-0.26
-0.275
-0.27
-0.27
-0.255
-0.265
-0.285
-0.275
-0.28
-0.27
-0.275
-0.285
-0.295
-0.29
-0.28
-0.27
-0.275
-0.275
-0.3
-0.3
-0.29
-0.29
-0.305
-0.31
-0.315
-0.31
-0.305
-0.3
-0.285
-0.295
-0.32
-0.305
-0.29
-0.295
-0.305
-0.315
-0.335
-0.31
-0.305
-0.305
-0.285
-0.28
-0.28
-0.275
-0.245
-0.23
-0.225
-0.23
-0.23
-0.23
-0.23
-0.215
-0.19
-0.19
-0.195
-0.205
-0.185
-0.175
-0.17
-0.18
-0.2
-0.215
-0.215
-0.22
-0.24
-0.245
-0.245
-0.225
-0.215
-0.21
-0.225
-0.25
-0.28
-0.29
-0.29
-0.275
-0.295
-0.31
-0.325
-0.325
-0.325
-0.325
-0.335
-0.335
-0.365
-0.36
-0.35
-0.325
-0.325
-0.345
-0.35
-0.345
-0.345
-0.34
-0.34
-0.34
-0.34
-0.335
-0.34
-0.335
-0.34
-0.37
-0.435
-0.49
-0.5
-0.47
-0.4
-0.33
-0.19
0.08
0.42
0.8
1.125
1.45
1.69
1.84
1.865
1.705
1.315
0.785
0.26
-0.135
-0.355
-0.44
-0.46
-0.42
-0.35
-0.25
-0.225
-0.245
-0.275
-0.3
-0.32
-0.32
-0.31
-0.32
-0.34
-0.36
-0.385
-0.38
-0.375
-0.36
-0.36
-0.39
-0.39
-0.39
-0.375
-0.37
-0.37
-0.375
-0.39
-0.395
-0.385
-0.375
-0.37
-0.375
-0.395
-0.38
-0.375
-0.36
-0.365
-0.36
-0.365
-0.37
-0.365
-0.35
-0.345
-0.36
-0.355
-0.345
-0.335
-0.32
-0.315
-0.32
-0.32
-0.31
-0.295
-0.285
-0.28
-0.28
-0.275
-0.26
-0.23
-0.215
-0.195
-0.195
-0.185
-0.17
-0.16
-0.125
-0.105
-0.1
-0.085
-0.065
-0.04
-0.015
-0.005
0.0
0.015
0.03
0.055
0.085
0.09
0.1
0.105
0.12
0.13
0.135
0.15
0.155
0.145
0.17
0.165
0.175
0.165
0.155
0.135
0.13
0.125
0.11
0.1
0.09
0.055
0.045
0.015
0.005
-0.02
-0.045
-0.075
-0.09
-0.095
-0.11
-0.125
-0.15
-0.16
-0.17
-0.175
-0.17
-0.185
-0.19
-0.215
-0.21
-0.205
-0.2
-0.21
-0.21
-0.225
-0.22
-0.23
-0.215
-0.21
-0.22
-0.23
-0.23
-0.21
-0.2
-0.2
-0.2
-0.215
-0.21
-0.195
-0.18
-0.185
-0.18
-0.2
-0.2
-0.18
-0.17
-0.17
-0.18
-0.195
-0.185
-0.18
-0.17
-0.165
-0.18
-0.19
-0.18
-0.17
-0.16
-0.17
-0.185
-0.195
-0.19
-0.165
-0.165
-0.16
-0.18
-0.21
-0.215
-0.195
-0.19
-0.185
-0.205
-0.21
-0.205
-0.2
-0.21
-0.205
-0.215
-0.24
-0.235
-0.215
-0.22
-0.225
-0.23
-0.24
-0.245
-0.235
-0.235
-0.24
-0.245
-0.255
-0.265
-0.245
-0.25
-0.245
-0.255
-0.275
-0.28
-0.26
-0.255
-0.255
-0.26
-0.275
-0.28
-0.265
-0.26
-0.26
-0.265
-0.285
-0.275
-0.265
-0.265
-0.26
-0.27
-0.29
-0.28
-0.255
-0.225
-0.22
-0.225
-0.21
-0.195
-0.195
-0.185
-0.175
-0.195
-0.195
-0.18
-0.17
-0.15
-0.16
-0.165
-0.16
-0.15
-0.14
-0.145
-0.15
-0.175
-0.185
-0.2
-0.195
-0.205
-0.2
-0.19
-0.195
-0.2
-0.2
-0.205
-0.22
-0.245
-0.27
-0.27
-0.275
-0.27
-0.275
-0.29
-0.305
-0.31
-0.305
-0.31
-0.32
-0.325
-0.34
-0.34
-0.335
-0.325
-0.32
-0.32
-0.335
-0.325
-0.32
-0.31
-0.31
-0.315
-0.33
-0.33
-0.32
-0.325
-0.33
-0.36
-0.435
-0.47
-0.475
-0.435
-0.395
-0.325
-0.235
-0.01
0.305
0.67
1.045
1.37
1.655
1.83
1.875
1.75
1.39
0.85
0.32
-0.095
-0.34
-0.425
-0.44
-0.415
-0.34
-0.245
-0.215
-0.225
-0.25
-0.285
-0.295
-0.295
-0.275
-0.275
-0.295
-0.33
-0.355
-0.355
-0.345
-0.35
-0.345
-0.365
-0.37
-0.375
-0.365
-0.36
-0.345
-0.355
-0.365
-0.365
-0.375
-0.345
-0.355
-0.36
-0.365
-0.365
-0.36
-0.345
-0.35
-0.345
-0.36
-0.355
-0.34
-0.335
-0.33
-0.34
-0.34
-0.33
-0.31
-0.305
-0.305
-0.3
-0.305
-0.295
-0.285
-0.265
-0.26
-0.255
-0.25
-0.24
-0.235
-0.21
-0.2
-0.195
-0.175
-0.16
-0.14
-0.11
-0.1
-0.095
-0.08
-0.06
-0.03
0.0
0.005
0.025
0.025
0.045
0.07
0.095
0.105
0.115
0.115
0.13
0.15
0.165
0.185
0.185
0.185
0.195
0.21
0.215
0.215
0.205
0.185
0.18
0.18
0.175
0.15
0.13
0.105
0.09
0.07
0.065
0.03
0.015
-0.025
-0.05
-0.055
-0.08
-0.1
-0.125
-0.15
-0.165
-0.165
-0.165
-0.185
-0.19
-0.19
-0.2
-0.195
-0.19
-0.205
-0.21
-0.215
-0.23
-0.22
-0.21
-0.2
-0.23
-0.23
-0.22
-0.215
-0.2
-0.205
-0.205
-0.215
-0.21
-0.195
-0.195
-0.19
-0.2
-0.195
-0.2
-0.19
-0.175
-0.175
-0.18
-0.19
-0.165
-0.16
-0.18
-0.16
-0.175
-0.195
-0.175
-0.185
-0.175
-0.16
-0.17
-0.175
-0.17
-0.17
-0.165
-0.18
-0.175
-0.19
-0.19
-0.175
-0.175
-0.175
-0.185
-0.195
-0.195
-0.19
-0.19
-0.195
-0.21
-0.22
-0.22
-0.21
-0.205
-0.21
-0.22
-0.23
-0.23
-0.23
-0.215
-0.225
-0.225
-0.25
-0.24
-0.24
-0.23
-0.225
-0.235
-0.255
-0.25
-0.245
-0.24
-0.235
-0.25
-0.27
-0.265
-0.26
-0.25
-0.25
-0.245
-0.265
-0.26
-0.255
-0.245
-0.25
-0.26
-0.27
-0.275
-0.265
-0.255
-0.245
-0.26
-0.285
-0.28
-0.265
-0.255
-0.26
-0.26
-0.27
-0.26
-0.245
-0.235
-0.215
-0.21
-0.205
-0.19
-0.185
-0.18
-0.175
-0.18
-0.19
-0.185
-0.16
-0.135
-0.145
-0.155
-0.165
-0.165
-0.14
-0.125
-0.135
-0.165
-0.17
-0.18
-0.185
-0.2
-0.205
-0.195
-0.21
-0.195
-0.175
-0.185
-0.205
-0.21
-0.24
-0.25
-0.25
-0.25
-0.26
-0.27
-0.285
-0.3
-0.29
-0.295
-0.31
-0.325
-0.33
-0.32
-0.315
-0.31
-0.31
-0.32
-0.33
-0.32
-0.315
-0.315
-0.31
-0.315
-0.325
-0.335
-0.315
-0.315
-0.32
-0.315
-0.335
-0.335
-0.345
-0.38
-0.445
-0.505
-0.505
-0.46
-0.385
-0.28
-0.13
0.14
0.47
0.84
1.185
1.505
1.765
1.92
1.925
1.785
1.435
0.895
0.335
-0.11
-0.355
-0.435
-0.43
-0.39
-0.32
-0.255
-0.22
-0.22
-0.24
-0.255
-0.265
-0.28
-0.29
-0.305
-0.285
-0.305
-0.32
-0.335
-0.35
-0.36
-0.365
-0.365
-0.355
-0.37
-0.38
-0.38
-0.365
-0.365
-0.36
-0.36
-0.375
-0.38
-0.37
-0.355
-0.355
-0.365
-0.38
-0.37
-0.37
-0.355
-0.345
-0.35
-0.375
-0.35
-0.345
-0.34
-0.34
-0.335
-0.35
-0.34
-0.325
-0.31
-0.325
-0.315
-0.33
-0.315
-0.29
-0.28
-0.28
-0.28
-0.28
-0.285
-0.255
-0.23
-0.23
-0.22
-0.21
-0.195
-0.185
-0.17
-0.155
-0.145
-0.13
-0.11
-0.085
-0.065
-0.045
-0.035
-0.03
0.0
0.025
0.055
0.065
0.075
0.07
0.085
0.125
0.15
0.16
0.165
0.175
0.185
0.195
0.21
0.22
0.215
0.205
0.225
0.225
0.235
0.23
0.205
0.2
0.185
0.175
0.18
0.15
0.13
0.1
0.075
0.055
0.05
0.03
-0.005
-0.04
-0.055
-0.06
-0.07
-0.095
-0.12
-0.15
-0.165
-0.165
-0.17
-0.17
-0.18
-0.215
-0.21
-0.2
-0.19
-0.215
-0.23
-0.24
-0.23
-0.22
-0.215
-0.21
-0.23
-0.24
-0.22
-0.225
-0.22
-0.225
-0.225
-0.235
-0.225
-0.205
-0.19
-0.2
-0.205
-0.225
-0.215
-0.205
-0.185
-0.185
-0.2
-0.21
-0.2
-0.19
-0.175
-0.185
-0.185
-0.195
-0.2
-0.2
-0.18
-0.18
-0.2
-0.2
-0.19
-0.19
-0.16
-0.18
-0.185
-0.2
-0.195
-0.195
-0.185
-0.185
-0.205
-0.21
-0.2
-0.2
-0.195
-0.195
-0.205
-0.22
-0.225
-0.225
-0.21
-0.225
-0.245
-0.255
-0.245
-0.24
-0.23
-0.23
-0.245
-0.26
-0.255
-0.255
-0.245
-0.26
-0.27
-0.27
-0.275
-0.27
-0.27
-0.27
-0.27
-0.29
-0.28
-0.275
-0.275
-0.28
-0.3
-0.305
-0.295
-0.285
-0.28
-0.285
-0.295
-0.3
-0.295
-0.29
-0.275
-0.28
-0.285
-0.295
-0.29
-0.285
-0.26
-0.265
-0.27
-0.275
-0.245
-0.225
-0.205
-0.205
-0.215
-0.23
-0.21
-0.2
-0.185
-0.18
-0.18
-0.19
-0.185
-0.175
-0.155
-0.155
-0.165
-0.175
-0.185
-0.195
-0.205
-0.21
-0.23
-0.245
-0.24
-0.225
-0.2
-0.2
-0.225
-0.255
-0.27
-0.275
-0.285
-0.285
-0.3
-0.32
-0.325
-0.32
-0.315
-0.335
-0.335
-0.35
-0.355
-0.35
-0.34
-0.345
-0.36
-0.385
-0.365
-0.355
-0.345
-0.355
-0.355
-0.365
-0.36
-0.355
-0.345
-0.345
-0.345
-0.355
-0.365
-0.36
-0.39
-0.445
-0.515
-0.55
-0.525
-0.46
-0.39
-0.27
-0.07
0.22
0.6
0.965
1.305
1.605
1.815
1.885
1.82
1.56
1.095
0.53
0.02
-0.31
-0.46
-0.455
-0.415
-0.35
-0.29
-0.245
-0.24
-0.27
-0.285
-0.305
-0.315
-0.335
-0.335
-0.34
-0.34
-0.36
-0.38
-0.405
-0.39
-0.4
-0.385
-0.38
-0.385
-0.395
-0.395
-0.39
-0.39
-0.395
-0.39
-0.415
-0.405
-0.405
-0.39
-0.39
-0.4
-0.4
-0.405
-0.405
-0.4
-0.39
-0.39
-0.4
-0.4
-0.38
-0.38
-0.39
-0.385
-0.385
-0.37
-0.365
-0.345
-0.35
-0.345
-0.35
-0.335
-0.335
-0.32
-0.325
-0.305
-0.315
-0.31
-0.285
-0.28
-0.27
-0.25
-0.245
-0.23
-0.205
-0.18
-0.175
-0.18
-0.16
-0.145
-0.12
-0.09
-0.07
-0.065
-0.05
-0.015
0.005
0.02
0.035
0.045
0.045
0.065
0.085
0.11
0.115
0.12
0.115
0.135
0.15
0.155
0.145
0.15
0.15
0.155
0.16
0.16
0.15
0.125
0.12
0.085
0.08
0.06
0.025
0.0
-0.025
-0.045
-0.055
-0.07
-0.11
-0.12
-0.15
-0.17
-0.19
-0.195
-0.21
-0.21
-0.215
-0.22
-0.23
-0.235
-0.225
-0.235
-0.255
-0.245
-0.25
-0.24
-0.265
-0.265
-0.28
-0.27
-0.255
-0.245
-0.24
-0.25
-0.26
-0.26
-0.245
-0.24
-0.23
-0.245
-0.245
-0.24
-0.23
-0.225
-0.225
-0.22
-0.225
-0.22
-0.215
-0.21
-0.22
-0.225
-0.23
-0.23
-0.225
-0.225
-0.22
-0.23
-0.235
-0.22
-0.215
-0.21
-0.21
-0.22
-0.23
-0.23
-0.225
-0.215
-0.22
-0.23
-0.245
-0.24
-0.245
-0.23
-0.235
-0.245
-0.255
-0.255
-0.235
-0.23
-0.245
-0.26
-0.27
-0.27
-0.265
-0.27
-0.26
-0.27
-0.29
-0.275
-0.27
-0.285
